9.618353468608948865e-17
-4.656687985432990673e-01
-7.499784666542822498e-01
-7.422019074275856276e-01
-4.453677756142276345e-01
2.491906069777842514e-02
4.855009324652918568e-01
7.569998611380106546e-01
7.336780137938713198e-01
4.246183050873214015e-01
-4.981303001373261347e-02
-5.048442081024431261e-01
-7.632590209297034356e-01
-7.244153685914876961e-01
-4.034412799205447375e-01
7.465684183093342086e-02
5.236791484158473953e-01
7.687496435860167177e-01
7.144232985189948870e-01
3.818580235831423031e-01
-9.942548053679858833e-02
-5.419867882171773843e-01
-7.734662005153561948e-01
-7.037118647439633001e-01
-3.598902685847089056e-01
1.240940062117030507e-01
5.597486932650266311e-01
7.774039425446986895e-01
6.922918527722339288e-01
3.375601345924038044e-01
-1.486375797413480304e-01
-5.769469788266207155e-01
-7.805589047016090465e-01
-6.801747615878301900e-01
-3.148901061583115335e-01
1.730314878276643376e-01
5.935643276862379025e-01
7.829279102066304397e-01
6.673727920744559894e-01
2.919030100794065552e-01
-1.972511678729839402e-01
-6.095840075821686854e-01
-7.845085736720305292e-01
-6.538988347302292503e-01
-2.686219924129128467e-01
2.212722327125263844e-01
6.249898880546894686e-01
7.852993035036871516e-01
6.397664566880598702e-01
2.450704951701706269e-01
-2.450704951701739576e-01
-6.397664566880617576e-01
-7.852993035036871516e-01
-6.249898880546873592e-01
-2.212722327125283828e-01
2.686219924129161218e-01
6.538988347302295834e-01
7.845085736720307512e-01
6.095840075821681303e-01
1.972511678729886864e-01
-2.919030100794097748e-01
-6.673727920744548792e-01
-7.829279102066298845e-01
-5.935643276862374584e-01
-1.730314878276664192e-01
3.148901061583121441e-01
6.801747615878360742e-01
7.805589047016087134e-01
5.769469788266202714e-01
1.486375797413528321e-01
-3.375601345924044150e-01
-6.922918527722328186e-01
-7.774039425446981344e-01
-5.597486932650260760e-01
-1.240940062116968612e-01
3.598902685847095717e-01
7.037118647439611907e-01
7.734662005153556397e-01
5.419867882171789386e-01
9.942548053679513276e-02
-3.818580235831416370e-01
-7.144232985189975516e-01
-7.687496435860164956e-01
-5.236791484158499488e-01
-7.465684183092996529e-02
4.034412799205441269e-01
7.244153685914901386e-01
7.632590209297033246e-01
5.048442081024469008e-01
4.981303001373055261e-02
-4.246183050873196807e-01
-7.336780137938725410e-01
-7.569998611380106546e-01
-4.855009324652869718e-01
-2.491906069777705818e-02
4.453677756142247479e-01
7.422019074275868489e-01
7.499784666542826939e-01
4.656687985432947929e-01
-7.704405699990260998e-16
