0.000000000000000000e+00
4.656687985432991228e-01
7.499784666542823608e-01
7.422019074275856276e-01
4.453677756142273014e-01
-2.491906069777851881e-02
-4.855009324652919123e-01
-7.569998611380106546e-01
-7.336780137938709867e-01
-4.246183050873213460e-01
4.981303001373270367e-02
5.048442081024437922e-01
7.632590209297035466e-01
7.244153685914876961e-01
4.034412799205446820e-01
-7.465684183093351800e-02
-5.236791484158473953e-01
-7.687496435860167177e-01
-7.144232985189948870e-01
-3.818580235831421921e-01
9.942548053679864384e-02
5.419867882171774953e-01
7.734662005153560838e-01
7.037118647439633001e-01
3.598902685847089056e-01
-1.240940062117031339e-01
-5.597486932650266311e-01
-7.774039425446986895e-01
-6.922918527722338178e-01
-3.375601345924036933e-01
1.486375797413481414e-01
5.769469788266208266e-01
7.805589047016090465e-01
6.801747615878301900e-01
3.148901061583114225e-01
-1.730314878276644208e-01
-5.935643276862380135e-01
-7.829279102066304397e-01
-6.673727920744559894e-01
-2.919030100794064997e-01
1.972511678729840234e-01
6.095840075821686854e-01
7.845085736720305292e-01
6.538988347302291393e-01
2.686219924129127357e-01
-2.212722327125264676e-01
-6.249898880546878033e-01
-7.852993035036871516e-01
-6.397664566880613135e-01
-2.450704951701678791e-01
2.450704951701713763e-01
6.397664566880602033e-01
7.852993035036871516e-01
6.249898880546890245e-01
2.212722327125256350e-01
-2.686219924129135683e-01
-6.538988347302312487e-01
-7.845085736720305292e-01
-6.095840075821699067e-01
-1.972511678729858553e-01
2.919030100794073324e-01
6.673727920744535469e-01
7.829279102066301066e-01
5.935643276862392348e-01
1.730314878276635882e-01
-3.148901061583097016e-01
-6.801747615878347419e-01
-7.805589047016089355e-01
-5.769469788266221588e-01
-1.486375797413500011e-01
3.375601345924070240e-01
6.922918527722342619e-01
7.774039425446985785e-01
5.597486932650278524e-01
1.240940062116995257e-01
-3.598902685847071292e-01
-7.037118647439625230e-01
-7.734662005153560838e-01
-5.419867882171769402e-01
-9.942548053679782505e-02
3.818580235831393055e-01
7.144232985189963303e-01
7.687496435860171617e-01
5.236791484158478394e-01
7.465684183093264370e-02
-4.034412799205466804e-01
-7.244153685914891394e-01
-7.632590209297039907e-01
-5.048442081024446804e-01
-4.981303001373323797e-02
4.246183050873221232e-01
7.336780137938716528e-01
7.569998611380114317e-01
4.855009324652890257e-01
2.491906069777974353e-02
-4.453677756142270794e-01
-7.422019074275858497e-01
-7.499784666542818057e-01
-4.656687985432969579e-01
-1.923670693721789970e-15
