2.367555148674273191e+00 2.367555148674273191e+00 2.367555148674273191e+00 2.481602963626967195e+00 2.481602963626967195e+00 2.481602963626967195e+00 2.481602963626967195e+00 2.481602963626967195e+00 2.481602963626967195e+00 2.481602963626967195e+00 2.481602963626967195e+00 2.481602963626967195e+00 2.481602963626967195e+00 2.481602963626967195e+00 3.815691934234122229e+00 3.815691934234122229e+00 3.815691934234122229e+00 3.815691934234122229e+00 4.731583882495192128e+00 4.731583882495192128e+00
-4.878903472989792878e-01 -4.878903472989792878e-01 2.617049653786930996e+00 2.617049653786930996e+00 2.617049653786930996e+00 2.617049653786930996e+00 2.617049653786930996e+00 2.633687319117795411e+00 2.633687319117795411e+00 2.633687319117795411e+00 2.633687319117795411e+00 2.945172450606166503e+00 2.945172450606166503e+00 2.945172450606166503e+00 2.945172450606166503e+00 2.945172450606166503e+00 2.945172450606166503e+00 3.244083599330177314e+00 3.244083599330177314e+00 3.244083599330177314e+00
3.877340176226439450e+00 3.877340176226439450e+00 3.877340176226439450e+00 3.877340176226439450e+00 3.877340176226439450e+00 3.987364041157400951e+00 3.987364041157400951e+00 4.206636084975232670e+00 4.206636084975232670e+00 4.206636084975232670e+00 4.206636084975232670e+00 4.206636084975232670e+00 4.206636084975232670e+00 4.206636084975232670e+00 4.206636084975232670e+00 4.206636084975232670e+00 4.206636084975232670e+00 4.206636084975232670e+00 4.206636084975232670e+00 4.206636084975232670e+00
1.880793181241865675e+00 1.880793181241865675e+00 1.880793181241865675e+00 2.090459279201216436e+00 2.108236485104987068e+00 2.108236485104987068e+00 2.108236485104987068e+00 2.108236485104987068e+00 2.108236485104987068e+00 2.108236485104987068e+00 2.524975297245635630e+00 2.524975297245635630e+00 2.524975297245635630e+00 3.370979840349226819e+00 3.370979840349226819e+00 3.370979840349226819e+00 3.370979840349226819e+00 3.370979840349226819e+00 3.370979840349226819e+00 3.370979840349226819e+00
-1.832565029859750672e+00 -1.139532515997988549e+00 -1.139532515997988549e+00 -1.139532515997988549e+00 -1.139532515997988549e+00 -5.326312997191108289e-01 -5.326312997191108289e-01 -5.326312997191108289e-01 -5.326312997191108289e-01 2.027012806872688921e-01 2.027012806872688921e-01 2.027012806872688921e-01 1.521638770354964976e+00 1.521638770354964976e+00 1.521638770354964976e+00 1.521638770354964976e+00 2.490170238763893984e+00 2.490170238763893984e+00 2.490170238763893984e+00 2.490170238763893984e+00
7.626249955119773771e-01 7.626249955119773771e-01 7.626249955119773771e-01 7.626249955119773771e-01 7.626249955119773771e-01 7.626249955119773771e-01 7.626249955119773771e-01 1.760760223862555041e+00 1.760760223862555041e+00 1.760760223862555041e+00 1.760760223862555041e+00 1.760760223862555041e+00 1.760760223862555041e+00 1.760760223862555041e+00 1.760760223862555041e+00 1.760760223862555041e+00 1.760760223862555041e+00 1.760760223862555041e+00 1.760760223862555041e+00 1.760760223862555041e+00
-3.848636738538671054e-01 -3.848636738538671054e-01 -3.848636738538671054e-01 -3.848636738538671054e-01 -2.559559983818630591e-01 3.815115695479580182e+00 3.815115695479580182e+00 3.815115695479580182e+00 3.815115695479580182e+00 3.815115695479580182e+00 3.815115695479580182e+00 3.815115695479580182e+00 3.815115695479580182e+00 3.815115695479580182e+00 3.815115695479580182e+00 3.815115695479580182e+00 3.815115695479580182e+00 3.815115695479580182e+00 3.815115695479580182e+00 3.815115695479580182e+00
3.979921362825557196e+00 3.979921362825557196e+00 3.979921362825557196e+00 3.979921362825557196e+00 3.979921362825557196e+00 3.979921362825557196e+00 3.979921362825557196e+00 3.979921362825557196e+00 3.979921362825557196e+00 3.979921362825557196e+00 4.123426848675360468e+00 4.123426848675360468e+00 4.123426848675360468e+00 4.123426848675360468e+00 4.123426848675360468e+00 4.123426848675360468e+00 4.123426848675360468e+00 4.791109767410516085e+00 4.791109767410516085e+00 4.791109767410516085e+00
5.878117846183783524e-01 6.978909350230324549e-01 2.236648745057427501e+00 2.705079145123446160e+00 2.705079145123446160e+00 2.705079145123446160e+00 2.705079145123446160e+00 2.705079145123446160e+00 2.705079145123446160e+00 2.705079145123446160e+00 2.705079145123446160e+00 2.705079145123446160e+00 6.558813296477727484e+00 6.558813296477727484e+00 6.558813296477727484e+00 6.558813296477727484e+00 8.544518813284911474e+00 8.544518813284911474e+00 8.544518813284911474e+00 8.544518813284911474e+00
1.551766345634038036e-01 1.551766345634038036e-01 2.479265071477551041e-01 3.128908645447160408e-01 5.960226129946618601e-01 5.960226129946618601e-01 1.009020732579826607e+00 1.009020732579826607e+00 1.009020732579826607e+00 1.009020732579826607e+00 1.010168785085097998e+00 1.606438936037795973e+00 2.796148510898429862e+00 2.796148510898429862e+00 3.057720550497362133e+00 4.267286575376937563e+00 4.267286575376937563e+00 4.267286575376937563e+00 4.267286575376937563e+00 4.267286575376937563e+00
3.145172604479954170e+00 3.145172604479954170e+00 3.145172604479954170e+00 3.145172604479954170e+00 3.145172604479954170e+00 3.145172604479954170e+00 3.145172604479954170e+00 3.145172604479954170e+00 3.145172604479954170e+00 3.145172604479954170e+00 3.145172604479954170e+00 3.145172604479954170e+00 3.145172604479954170e+00 3.145172604479954170e+00 3.145172604479954170e+00 3.145172604479954170e+00 3.145172604479954170e+00 3.145172604479954170e+00 3.145172604479954170e+00 3.955922960091481588e+00
8.267421905055618581e-01 1.955031844545494391e+00 1.955031844545494391e+00 1.955031844545494391e+00 1.955031844545494391e+00 1.955031844545494391e+00 1.955031844545494391e+00 1.955031844545494391e+00 1.955031844545494391e+00 1.955031844545494391e+00 1.955031844545494391e+00 1.955031844545494391e+00 1.955031844545494391e+00 1.955031844545494391e+00 1.955031844545494391e+00 1.955031844545494391e+00 1.955031844545494391e+00 1.955031844545494391e+00 1.955031844545494391e+00 1.955031844545494391e+00
3.117667232859480109e+00 3.117667232859480109e+00 3.117667232859480109e+00 3.117667232859480109e+00 3.117667232859480109e+00 3.117667232859480109e+00 3.117667232859480109e+00 3.117667232859480109e+00 3.117667232859480109e+00 3.117667232859480109e+00 3.117667232859480109e+00 3.117667232859480109e+00 3.117667232859480109e+00 3.117667232859480109e+00 3.117667232859480109e+00 3.117667232859480109e+00 3.117667232859480109e+00 3.117667232859480109e+00 3.117667232859480109e+00 3.117667232859480109e+00
3.493231609907688107e+00 3.493231609907688107e+00 3.493231609907688107e+00 3.493231609907688107e+00 3.494373277179464665e+00 3.494373277179464665e+00 3.494373277179464665e+00 3.494373277179464665e+00 3.494373277179464665e+00 3.494373277179464665e+00 3.494373277179464665e+00 3.494373277179464665e+00 3.494373277179464665e+00 3.494373277179464665e+00 3.494373277179464665e+00 3.494373277179464665e+00 3.494373277179464665e+00 3.494373277179464665e+00 3.494373277179464665e+00 3.494373277179464665e+00
-5.728787233321511962e+00 -5.728787233321511962e+00 3.521897189733333100e+00 3.521897189733333100e+00 3.783965532619921301e+00 3.783965532619921301e+00 3.783965532619921301e+00 3.783965532619921301e+00 3.783965532619921301e+00 3.783965532619921301e+00 3.783965532619921301e+00 3.783965532619921301e+00 3.783965532619921301e+00 3.783965532619921301e+00 3.783965532619921301e+00 6.469529741419761670e+00 6.469529741419761670e+00 6.469529741419761670e+00 6.469529741419761670e+00 6.469529741419761670e+00
5.060881227771124591e-01 1.680569984799908934e+00 1.680569984799908934e+00 1.680569984799908934e+00 1.680569984799908934e+00 1.680569984799908934e+00 1.680569984799908934e+00 1.680569984799908934e+00 1.680569984799908934e+00 1.680569984799908934e+00 1.680569984799908934e+00 1.680569984799908934e+00 1.680569984799908934e+00 1.680569984799908934e+00 1.680569984799908934e+00 1.871346374289868830e+00 1.871346374289868830e+00 1.871346374289868830e+00 1.871346374289868830e+00 1.871346374289868830e+00
3.845572040910279821e+00 3.845572040910279821e+00 3.845572040910279821e+00 3.845572040910279821e+00 3.845572040910279821e+00 5.234868794912643786e+00 5.234868794912643786e+00 5.234868794912643786e+00 5.234868794912643786e+00 5.234868794912643786e+00 5.234868794912643786e+00 5.234868794912643786e+00 5.234868794912643786e+00 5.234868794912643786e+00 5.234868794912643786e+00 5.234868794912643786e+00 5.234868794912643786e+00 5.234868794912643786e+00 5.234868794912643786e+00 5.234868794912643786e+00
-1.812438443899317742e+00 -1.812438443899317742e+00 1.783681817996373153e-01 1.783681817996373153e-01 1.783681817996373153e-01 1.783681817996373153e-01 1.783681817996373153e-01 1.783681817996373153e-01 1.783681817996373153e-01 1.783681817996373153e-01 1.783681817996373153e-01 1.783681817996373153e-01 1.783681817996373153e-01 1.783681817996373153e-01 3.661774750188582228e+00 3.661774750188582228e+00 3.661774750188582228e+00 3.661774750188582228e+00 3.661774750188582228e+00 3.661774750188582228e+00
9.850293739663940062e-01 9.850293739663940062e-01 9.850293739663940062e-01 9.850293739663940062e-01 9.850293739663940062e-01 9.850293739663940062e-01 9.850293739663940062e-01 9.850293739663940062e-01 9.850293739663940062e-01 9.850293739663940062e-01 9.850293739663940062e-01 9.850293739663940062e-01 9.850293739663940062e-01 9.969852629282316414e-01 9.969852629282316414e-01 1.596872275883705061e+00 1.596872275883705061e+00 1.596872275883705061e+00 1.596872275883705061e+00 1.596872275883705061e+00
1.784647217343683645e-01 1.784647217343683645e-01 1.784647217343683645e-01 3.954990066079134836e-01 1.097595669872526436e+00 1.754288252882330035e+00 2.473193610103929352e+00 2.627679889403904845e+00 2.627679889403904845e+00 2.627679889403904845e+00 2.810448188681038406e+00 2.810448188681038406e+00 2.810448188681038406e+00 2.810448188681038406e+00 2.810448188681038406e+00 3.103191212652220088e+00 3.103191212652220088e+00 3.103191212652220088e+00 3.103191212652220088e+00 3.103191212652220088e+00
2.316432801294026511e+00 2.316432801294026511e+00 2.316432801294026511e+00 4.265556778862704235e+00 4.265556778862704235e+00 4.265556778862704235e+00 4.265556778862704235e+00 4.265556778862704235e+00 4.265556778862704235e+00 4.265556778862704235e+00 4.265556778862704235e+00 4.265556778862704235e+00 4.265556778862704235e+00 6.412900762702483881e+00 6.412900762702483881e+00 6.412900762702483881e+00 6.412900762702483881e+00 6.412900762702483881e+00 6.412900762702483881e+00 6.412900762702483881e+00
1.474354005513867305e+00 1.474354005513867305e+00 1.474354005513867305e+00 1.474354005513867305e+00 2.437410327686759359e+00 2.437410327686759359e+00 2.437410327686759359e+00 3.221946805237460243e+00 3.258893644241207088e+00 3.474952138506920196e+00 3.474952138506920196e+00 3.474952138506920196e+00 3.474952138506920196e+00 3.474952138506920196e+00 3.474952138506920196e+00 3.474952138506920196e+00 3.474952138506920196e+00 3.474952138506920196e+00 3.474952138506920196e+00 3.474952138506920196e+00
-1.088771706619753754e+00 -1.088771706619753754e+00 3.371626032803903827e-01 3.371626032803903827e-01 3.371626032803903827e-01 3.371626032803903827e-01 3.371626032803903827e-01 3.371626032803903827e-01 1.914087544944537811e+00 1.914087544944537811e+00 1.914087544944537811e+00 1.914087544944537811e+00 1.914087544944537811e+00 1.914087544944537811e+00 1.914087544944537811e+00 1.914087544944537811e+00 1.914087544944537811e+00 1.914087544944537811e+00 2.306480376457732628e+00 2.306480376457732628e+00
2.233384289724788641e+00 2.233384289724788641e+00 2.233384289724788641e+00 2.233384289724788641e+00 2.294317529188657723e+00 2.381051094378090927e+00 2.381051094378090927e+00 2.381051094378090927e+00 2.381051094378090927e+00 2.381051094378090927e+00 2.381051094378090927e+00 2.381051094378090927e+00 2.381051094378090927e+00 2.381051094378090927e+00 2.381051094378090927e+00 2.381051094378090927e+00 2.381051094378090927e+00 2.381051094378090927e+00 2.381051094378090927e+00 2.453615172298157177e+00
-1.458424453182843306e-01 -1.458424453182843306e-01 -1.458424453182843306e-01 2.656867547481109870e+00 2.656867547481109870e+00 2.656867547481109870e+00 2.656867547481109870e+00 2.656867547481109870e+00 2.656867547481109870e+00 2.656867547481109870e+00 2.656867547481109870e+00 2.656867547481109870e+00 2.656867547481109870e+00 2.656867547481109870e+00 2.656867547481109870e+00 2.656867547481109870e+00 3.311081972895883574e+00 3.919519123278396133e+00 3.919519123278396133e+00 3.919519123278396133e+00
-3.657375232798877551e+00 -3.657375232798877551e+00 -3.657375232798877551e+00 -6.482693095283320606e-01 -6.482693095283320606e-01 -6.482693095283320606e-01 -7.485292526402576030e-02 -7.485292526402576030e-02 -7.485292526402576030e-02 -7.485292526402576030e-02 -7.485292526402576030e-02 -7.485292526402576030e-02 -7.485292526402576030e-02 -7.485292526402576030e-02 -7.485292526402576030e-02 -7.485292526402576030e-02 -7.485292526402576030e-02 -7.485292526402576030e-02 3.963150845471001826e-01 2.169611241084347331e+00
-1.075232539612786420e+00 1.315944950269185565e+00 1.489988301924736858e+00 2.276340206652029963e+00 3.193902238725820020e+00 3.193902238725820020e+00 3.193902238725820020e+00 3.347902446664368092e+00 3.347902446664368092e+00 3.347902446664368092e+00 3.493274333258042041e+00 3.493274333258042041e+00 3.493274333258042041e+00 3.493274333258042041e+00 3.493274333258042041e+00 3.493274333258042041e+00 3.493274333258042041e+00 3.493274333258042041e+00 3.493274333258042041e+00 3.493274333258042041e+00
-2.297848780649943023e+00 -2.297848780649943023e+00 -4.354031335538163794e-01 -4.354031335538163794e-01 -1.562111559596635058e-01 -1.562111559596635058e-01 -1.562111559596635058e-01 -1.562111559596635058e-01 -1.562111559596635058e-01 -1.562111559596635058e-01 -1.562111559596635058e-01 -1.562111559596635058e-01 -1.562111559596635058e-01 -1.562111559596635058e-01 -1.562111559596635058e-01 -1.562111559596635058e-01 -1.562111559596635058e-01 -1.562111559596635058e-01 -1.562111559596635058e-01 -1.562111559596635058e-01
3.576662533948660183e-01 3.576662533948660183e-01 3.576662533948660183e-01 3.576662533948660183e-01 3.576662533948660183e-01 3.369266847793881414e+00 3.369266847793881414e+00 3.369266847793881414e+00 3.369266847793881414e+00 3.369266847793881414e+00 4.009593436723919879e+00 4.009593436723919879e+00 4.009593436723919879e+00 4.009593436723919879e+00 4.009593436723919879e+00 4.009593436723919879e+00 4.009593436723919879e+00 4.009593436723919879e+00 4.009593436723919879e+00 4.009593436723919879e+00
-5.020300242762866461e+00 -3.293887151087255383e+00 -3.293887151087255383e+00 -3.293887151087255383e+00 -3.293887151087255383e+00 -3.293887151087255383e+00 2.183984669872855999e-01 2.183984669872855999e-01 2.183984669872855999e-01 2.183984669872855999e-01 2.183984669872855999e-01 2.183984669872855999e-01 4.482127927410292756e+00 4.482127927410292756e+00 4.482127927410292756e+00 4.656702637001484568e+00 4.656702637001484568e+00 4.656702637001484568e+00 4.656702637001484568e+00 4.656702637001484568e+00
2.011766124395263144e+00 2.015907382296803885e+00 2.015907382296803885e+00 2.232450393252215282e+00 2.232450393252215282e+00 2.232450393252215282e+00 2.232450393252215282e+00 2.232450393252215282e+00 2.232450393252215282e+00 2.319385940504841148e+00 2.319385940504841148e+00 2.319385940504841148e+00 2.757770742923647767e+00 4.521912684799876736e+00 4.521912684799876736e+00 4.521912684799876736e+00 4.521912684799876736e+00 4.521912684799876736e+00 4.521912684799876736e+00 4.521912684799876736e+00
2.837901970799811657e+00 2.837901970799811657e+00 2.837901970799811657e+00 2.837901970799811657e+00 2.837901970799811657e+00 3.145490510016528241e+00 3.145490510016528241e+00 3.145490510016528241e+00 3.145490510016528241e+00 3.145490510016528241e+00 3.145490510016528241e+00 3.145490510016528241e+00 3.145490510016528241e+00 3.145490510016528241e+00 3.145490510016528241e+00 3.145490510016528241e+00 3.145490510016528241e+00 3.145490510016528241e+00 3.145490510016528241e+00 3.451346585476394058e+00
3.705473193728204162e+00 3.705473193728204162e+00 3.705473193728204162e+00 3.705473193728204162e+00 5.408049695332849183e+00 5.408049695332849183e+00 5.503097967211121322e+00 5.503097967211121322e+00 5.503097967211121322e+00 7.630053121808775707e+00 7.630053121808775707e+00 7.630053121808775707e+00 7.630053121808775707e+00 7.630053121808775707e+00 7.630053121808775707e+00 7.630053121808775707e+00 7.630053121808775707e+00 7.630053121808775707e+00 7.630053121808775707e+00 7.630053121808775707e+00
3.856959533427768427e+00 4.418974640886542460e+00 4.418974640886542460e+00 4.418974640886542460e+00 4.418974640886542460e+00 4.418974640886542460e+00 4.856471233484093375e+00 4.856471233484093375e+00 4.856471233484093375e+00 4.856471233484093375e+00 4.856471233484093375e+00 4.856471233484093375e+00 4.856471233484093375e+00 4.856471233484093375e+00 4.856471233484093375e+00 4.856471233484093375e+00 4.856471233484093375e+00 4.856471233484093375e+00 4.856471233484093375e+00 4.856471233484093375e+00
-4.852272645232867276e+00 -1.831550412927906546e+00 -1.831550412927906546e+00 -1.831550412927906546e+00 -1.831550412927906546e+00 -1.831550412927906546e+00 -1.831550412927906546e+00 -1.831550412927906546e+00 -8.446767825161585752e-02 -8.446767825161585752e-02 -8.446767825161585752e-02 -8.446767825161585752e-02 -8.446767825161585752e-02 -8.446767825161585752e-02 -8.446767825161585752e-02 -8.446767825161585752e-02 -8.446767825161585752e-02 -8.446767825161585752e-02 -8.446767825161585752e-02 -8.446767825161585752e-02
1.499554717344926402e+00 1.499554717344926402e+00 1.499554717344926402e+00 1.499554717344926402e+00 1.499554717344926402e+00 1.499554717344926402e+00 1.499554717344926402e+00 1.499554717344926402e+00 1.499554717344926402e+00 1.499554717344926402e+00 1.499554717344926402e+00 1.499554717344926402e+00 1.499554717344926402e+00 1.499554717344926402e+00 1.499554717344926402e+00 1.499554717344926402e+00 2.157691482899379398e+00 2.157691482899379398e+00 2.443342269561116442e+00 2.443342269561116442e+00
1.424672100035388578e+00 1.424672100035388578e+00 2.199058490439085745e+00 2.199058490439085745e+00 2.819680263362858597e+00 2.819680263362858597e+00 2.819680263362858597e+00 3.815606618487823454e+00 3.815606618487823454e+00 3.815606618487823454e+00 3.815606618487823454e+00 3.815606618487823454e+00 3.815606618487823454e+00 3.815606618487823454e+00 3.815606618487823454e+00 3.815606618487823454e+00 3.815606618487823454e+00 3.912077249772047072e+00 3.912077249772047072e+00 3.912077249772047072e+00
-1.998937636992704769e+00 -6.966174169247825176e-01 -6.966174169247825176e-01 -4.495521140462456211e-01 -7.385893779262092673e-02 2.964645111185268411e-01 3.744003091980228071e+00 3.744003091980228071e+00 3.744003091980228071e+00 3.744003091980228071e+00 3.744003091980228071e+00 3.744003091980228071e+00 3.744003091980228071e+00 3.744003091980228071e+00 3.744003091980228071e+00 3.744003091980228071e+00 3.744003091980228071e+00 3.744003091980228071e+00 3.744003091980228071e+00 3.744003091980228071e+00
-1.062107533505701529e+00 2.845383648907217733e+00 2.845383648907217733e+00 4.286642196439362174e+00 4.286642196439362174e+00 4.286642196439362174e+00 4.286642196439362174e+00 4.286642196439362174e+00 4.286642196439362174e+00 4.286642196439362174e+00 4.286642196439362174e+00 4.286642196439362174e+00 4.286642196439362174e+00 4.286642196439362174e+00 4.286642196439362174e+00 4.286642196439362174e+00 4.286642196439362174e+00 4.286642196439362174e+00 4.321108366247536914e+00 4.321108366247536914e+00
-9.241714146126790652e+00 -9.241714146126790652e+00 8.353336339967748492e-01 1.220006096704461918e+00 1.432772187230553218e+00 1.432772187230553218e+00 1.531945518970147635e+00 1.531945518970147635e+00 1.819430772456052559e+00 1.819430772456052559e+00 1.819430772456052559e+00 1.819430772456052559e+00 3.187962045858427906e+00 3.187962045858427906e+00 3.187962045858427906e+00 3.187962045858427906e+00 3.187962045858427906e+00 3.187962045858427906e+00 3.187962045858427906e+00 3.187962045858427906e+00
