-1.699824717779630845e+00 -1.699824717779630845e+00 -7.512150508327478104e-02 -7.512150508327478104e-02 -7.512150508327478104e-02 9.152865835598715805e-01 9.152865835598715805e-01 9.509728280398210831e-01 9.509728280398210831e-01 9.509728280398210831e-01 1.900810005047727014e+00 1.900810005047727014e+00 1.900810005047727014e+00 1.900810005047727014e+00 1.900810005047727014e+00 1.900810005047727014e+00 1.900810005047727014e+00 1.900810005047727014e+00 1.900810005047727014e+00 1.900810005047727014e+00
6.104218940863481713e-02 2.789618604599889196e+00 2.789618604599889196e+00 2.789618604599889196e+00 2.789618604599889196e+00 2.789618604599889196e+00 2.789618604599889196e+00 2.789618604599889196e+00 2.789618604599889196e+00 2.789618604599889196e+00 2.789618604599889196e+00 2.789618604599889196e+00 2.789618604599889196e+00 2.789618604599889196e+00 2.789618604599889196e+00 2.789618604599889196e+00 2.789618604599889196e+00 2.789618604599889196e+00 2.789618604599889196e+00 2.789618604599889196e+00
-1.612893511405172120e+00 -1.612893511405172120e+00 8.512143396197766609e-01 3.322654437393118609e+00 3.322654437393118609e+00 3.322654437393118609e+00 3.322654437393118609e+00 5.017735618408551979e+00 5.017735618408551979e+00 5.017735618408551979e+00 5.017735618408551979e+00 5.017735618408551979e+00 5.017735618408551979e+00 5.017735618408551979e+00 5.017735618408551979e+00 5.017735618408551979e+00 5.017735618408551979e+00 5.017735618408551979e+00 5.017735618408551979e+00 5.017735618408551979e+00
2.955794885740896660e+00 2.955794885740896660e+00 2.955794885740896660e+00 2.955794885740896660e+00 3.368773786756550592e+00 3.628899586268366839e+00 3.628899586268366839e+00 3.628899586268366839e+00 3.628899586268366839e+00 3.628899586268366839e+00 3.628899586268366839e+00 3.628899586268366839e+00 3.628899586268366839e+00 3.729797666920790178e+00 3.729797666920790178e+00 3.729797666920790178e+00 3.947580380701503522e+00 3.947580380701503522e+00 3.947580380701503522e+00 3.947580380701503522e+00
2.253341531952002263e+00 2.253341531952002263e+00 2.971677315414743781e+00 3.445322708939198009e+00 3.445322708939198009e+00 4.230866126308178821e+00 4.230866126308178821e+00 4.230866126308178821e+00 4.230866126308178821e+00 4.230866126308178821e+00 4.230866126308178821e+00 4.230866126308178821e+00 4.230866126308178821e+00 4.230866126308178821e+00 4.230866126308178821e+00 4.230866126308178821e+00 4.230866126308178821e+00 4.230866126308178821e+00 4.230866126308178821e+00 4.230866126308178821e+00
2.562544524333230989e+00 2.562544524333230989e+00 2.562544524333230989e+00 2.562544524333230989e+00 2.562544524333230989e+00 2.863475394730192303e+00 2.863475394730192303e+00 2.863475394730192303e+00 2.863475394730192303e+00 2.863475394730192303e+00 2.863475394730192303e+00 2.863475394730192303e+00 2.863475394730192303e+00 2.863475394730192303e+00 2.863475394730192303e+00 2.863475394730192303e+00 2.863475394730192303e+00 2.863555223045418874e+00 2.863555223045418874e+00 2.863555223045418874e+00
1.638289881687781113e+00 3.846243385959326577e+00 3.846243385959326577e+00 3.846243385959326577e+00 3.846243385959326577e+00 3.846243385959326577e+00 3.846243385959326577e+00 3.846243385959326577e+00 3.846243385959326577e+00 3.846243385959326577e+00 3.846243385959326577e+00 3.846243385959326577e+00 3.846243385959326577e+00 3.846243385959326577e+00 3.846243385959326577e+00 3.846243385959326577e+00 3.846243385959326577e+00 3.846243385959326577e+00 3.846243385959326577e+00 3.846243385959326577e+00
4.214464798360253894e+00 4.214464798360253894e+00 4.214464798360253894e+00 4.214464798360253894e+00 4.214464798360253894e+00 4.214464798360253894e+00 4.214464798360253894e+00 4.214464798360253894e+00 4.214464798360253894e+00 4.214464798360253894e+00 4.214464798360253894e+00 4.214464798360253894e+00 4.214464798360253894e+00 4.214464798360253894e+00 4.214464798360253894e+00 4.214464798360253894e+00 4.214464798360253894e+00 4.214464798360253894e+00 4.867673824302966246e+00 5.085277095159877803e+00
7.766803134494044691e-01 7.766803134494044691e-01 2.994692795630649051e+00 2.994692795630649051e+00 2.994692795630649051e+00 2.994692795630649051e+00 2.994692795630649051e+00 2.994692795630649051e+00 2.994692795630649051e+00 2.994692795630649051e+00 2.994692795630649051e+00 2.994692795630649051e+00 2.994692795630649051e+00 2.994692795630649051e+00 2.994692795630649051e+00 2.994692795630649051e+00 2.994692795630649051e+00 2.994692795630649051e+00 4.203649011876456676e+00 4.203649011876456676e+00
2.952603186861733953e+00 2.952603186861733953e+00 2.952603186861733953e+00 2.952603186861733953e+00 4.337070235165689347e+00 4.337070235165689347e+00 4.843816466257890418e+00 4.843816466257890418e+00 4.843816466257890418e+00 4.843816466257890418e+00 4.843816466257890418e+00 4.843816466257890418e+00 4.843816466257890418e+00 4.843816466257890418e+00 4.843816466257890418e+00 4.843816466257890418e+00 4.843816466257890418e+00 4.843816466257890418e+00 4.843816466257890418e+00 4.843816466257890418e+00
9.403942625329049232e-01 9.403942625329049232e-01 9.403942625329049232e-01 9.403942625329049232e-01 9.403942625329049232e-01 9.403942625329049232e-01 9.403942625329049232e-01 1.260389923434912962e+00 1.260389923434912962e+00 1.260389923434912962e+00 1.260389923434912962e+00 1.260389923434912962e+00 2.473996911041286939e+00 2.473996911041286939e+00 2.473996911041286939e+00 2.473996911041286939e+00 2.473996911041286939e+00 2.473996911041286939e+00 2.473996911041286939e+00 2.473996911041286939e+00
3.993659180657816998e-01 3.993659180657816998e-01 3.993659180657816998e-01 3.993659180657816998e-01 3.993659180657816998e-01 3.993659180657816998e-01 3.993659180657816998e-01 3.993659180657816998e-01 3.993659180657816998e-01 3.993659180657816998e-01 3.993659180657816998e-01 3.993659180657816998e-01 3.993659180657816998e-01 3.993659180657816998e-01 8.650041788767558470e-01 8.650041788767558470e-01 8.650041788767558470e-01 8.650041788767558470e-01 8.650041788767558470e-01 8.650041788767558470e-01
2.019520544102258341e+00 2.019520544102258341e+00 2.019520544102258341e+00 2.019520544102258341e+00 2.019520544102258341e+00 2.019520544102258341e+00 2.019520544102258341e+00 2.019520544102258341e+00 2.130133918702330043e+00 2.130133918702330043e+00 2.130133918702330043e+00 2.130133918702330043e+00 2.208084058953277307e+00 2.208084058953277307e+00 2.253678136819640798e+00 2.253678136819640798e+00 2.253678136819640798e+00 2.253678136819640798e+00 2.253678136819640798e+00 2.256817194557892314e+00
-2.823722942295174398e+00 -2.732112436100837094e+00 -2.211385003252357873e+00 -1.870253046683080900e+00 -1.052586433788226028e+00 -1.052586433788226028e+00 -1.052586433788226028e+00 -1.052586433788226028e+00 -1.052586433788226028e+00 -1.052586433788226028e+00 -5.149336178332688529e-01 -5.149336178332688529e-01 -5.149336178332688529e-01 -5.149336178332688529e-01 3.415837228036641138e-01 3.415837228036641138e-01 3.415837228036641138e-01 3.415837228036641138e-01 1.213455711920584879e+00 1.388069464470525594e+00
1.074645069008776543e+00 1.467930510870391725e+00 1.467930510870391725e+00 4.656779263212371234e+00 4.656779263212371234e+00 4.656779263212371234e+00 4.656779263212371234e+00 4.656779263212371234e+00 4.656779263212371234e+00 4.656779263212371234e+00 4.656779263212371234e+00 4.656779263212371234e+00 4.656779263212371234e+00 4.656779263212371234e+00 4.656779263212371234e+00 4.656779263212371234e+00 4.656779263212371234e+00 4.656779263212371234e+00 4.656779263212371234e+00 4.656779263212371234e+00
-3.651465707210557632e+00 -3.370012282967372874e-01 -3.370012282967372874e-01 -3.370012282967372874e-01 -3.370012282967372874e-01 -3.370012282967372874e-01 -3.370012282967372874e-01 -3.370012282967372874e-01 -3.370012282967372874e-01 -3.370012282967372874e-01 -3.370012282967372874e-01 1.293556445954260337e-01 2.231116617724860696e+00 2.231116617724860696e+00 2.276038299564093315e+00 2.276038299564093315e+00 2.276038299564093315e+00 2.276038299564093315e+00 2.276038299564093315e+00 2.276038299564093315e+00
2.040502867846199386e+00 2.847401540770046591e+00 2.847401540770046591e+00 2.847401540770046591e+00 2.847401540770046591e+00 2.847401540770046591e+00 2.847401540770046591e+00 2.847401540770046591e+00 2.847401540770046591e+00 3.930988405192541002e+00 3.930988405192541002e+00 3.930988405192541002e+00 3.930988405192541002e+00 3.930988405192541002e+00 3.930988405192541002e+00 4.600497018740450805e+00 4.600497018740450805e+00 4.600497018740450805e+00 4.600497018740450805e+00 4.600497018740450805e+00
5.646247766060006334e-01 2.424896531583814685e+00 4.204395012361185735e+00 4.798295232628416507e+00 4.798295232628416507e+00 4.798295232628416507e+00 4.798295232628416507e+00 4.798295232628416507e+00 4.798295232628416507e+00 4.798295232628416507e+00 4.798295232628416507e+00 4.950574402703704635e+00 4.950574402703704635e+00 4.950574402703704635e+00 5.030155820949197221e+00 5.245293355076476871e+00 5.411870368061665992e+00 5.411870368061665992e+00 5.411870368061665992e+00 5.411870368061665992e+00
-4.955100408932072931e+00 -1.255828975427236038e+00 -1.244907901379512349e+00 -1.244907901379512349e+00 2.277049003800802329e-01 2.421041537394873489e-01 3.816119584799478881e-01 3.816119584799478881e-01 3.886678718098582896e-01 3.886678718098582896e-01 3.886678718098582896e-01 3.886678718098582896e-01 3.886678718098582896e-01 3.886678718098582896e-01 3.886678718098582896e-01 3.886678718098582896e-01 3.886678718098582896e-01 3.908831861683450537e-01 3.908831861683450537e-01 3.908831861683450537e-01
3.662834697030902920e+00 3.662834697030902920e+00 3.662834697030902920e+00 3.662834697030902920e+00 3.662834697030902920e+00 3.662834697030902920e+00 3.662834697030902920e+00 3.662834697030902920e+00 3.662834697030902920e+00 3.662834697030902920e+00 3.662834697030902920e+00 3.662834697030902920e+00 3.662834697030902920e+00 3.662834697030902920e+00 3.662834697030902920e+00 3.662834697030902920e+00 3.662834697030902920e+00 3.662834697030902920e+00 3.662834697030902920e+00 3.662834697030902920e+00
8.796108905864082894e-01 2.562995499359666418e+00 2.562995499359666418e+00 2.562995499359666418e+00 4.715443756946472220e+00 4.715443756946472220e+00 4.715443756946472220e+00 4.962589895147278440e+00 4.962589895147278440e+00 4.962589895147278440e+00 4.962589895147278440e+00 4.962589895147278440e+00 4.962589895147278440e+00 4.962589895147278440e+00 4.962589895147278440e+00 4.962589895147278440e+00 4.962589895147278440e+00 4.962589895147278440e+00 4.962589895147278440e+00 4.962589895147278440e+00
9.260144620304910923e-01 1.847825904673406239e+00 1.847825904673406239e+00 1.847825904673406239e+00 1.847825904673406239e+00 1.847825904673406239e+00 1.847825904673406239e+00 1.847825904673406239e+00 1.911670216466472061e+00 1.911670216466472061e+00 1.911670216466472061e+00 1.911670216466472061e+00 1.911670216466472061e+00 2.553423398297096636e+00 3.239689335103777879e+00 3.239689335103777879e+00 3.239689335103777879e+00 3.239689335103777879e+00 3.239689335103777879e+00 3.239689335103777879e+00
1.729267060918814103e+00 1.982786872236477205e+00 2.613561000759910158e+00 3.940011177016749855e+00 3.940011177016749855e+00 3.940011177016749855e+00 3.940011177016749855e+00 3.940011177016749855e+00 3.940011177016749855e+00 3.940011177016749855e+00 3.940011177016749855e+00 4.596842015825579608e+00 4.596842015825579608e+00 4.596842015825579608e+00 4.596842015825579608e+00 4.596842015825579608e+00 4.596842015825579608e+00 4.596842015825579608e+00 4.596842015825579608e+00 4.596842015825579608e+00
-1.269286870327267058e+00 -1.269286870327267058e+00 -1.244950719333597355e+00 -1.244950719333597355e+00 7.347185419582936694e-01 7.347185419582936694e-01 7.347185419582936694e-01 2.718579256292605884e+00 3.109908499126636805e+00 3.109908499126636805e+00 3.734742425989179715e+00 3.734742425989179715e+00 3.734742425989179715e+00 3.734742425989179715e+00 3.734742425989179715e+00 3.734742425989179715e+00 3.734742425989179715e+00 3.734742425989179715e+00 3.734742425989179715e+00 3.734742425989179715e+00
3.031823473208817177e+00 3.031823473208817177e+00 3.031823473208817177e+00 3.031823473208817177e+00 3.031823473208817177e+00 5.027702644350401151e+00 5.027702644350401151e+00 5.027702644350401151e+00 5.027702644350401151e+00 5.027702644350401151e+00 5.027702644350401151e+00 5.027702644350401151e+00 5.027702644350401151e+00 5.027702644350401151e+00 5.027702644350401151e+00 5.027702644350401151e+00 5.027702644350401151e+00 5.027702644350401151e+00 5.027702644350401151e+00 5.027702644350401151e+00
-4.860075327801040679e+00 -4.813262743464846949e+00 -4.813262743464846949e+00 -4.813262743464846949e+00 -4.813262743464846949e+00 -4.813262743464846949e+00 -4.658432503426646498e+00 -4.658432503426646498e+00 -4.658432503426646498e+00 -4.658432503426646498e+00 -4.658432503426646498e+00 2.878389160856386297e+00 2.878389160856386297e+00 2.878389160856386297e+00 2.878389160856386297e+00 2.878389160856386297e+00 2.878389160856386297e+00 2.878389160856386297e+00 2.878389160856386297e+00 3.667616430045413267e+00
7.073792784469156159e-01 3.937776488498188066e+00 3.937776488498188066e+00 3.937776488498188066e+00 3.937776488498188066e+00 3.937776488498188066e+00 3.937776488498188066e+00 3.937776488498188066e+00 3.937776488498188066e+00 3.937776488498188066e+00 3.937776488498188066e+00 3.937776488498188066e+00 3.937776488498188066e+00 3.937776488498188066e+00 3.937776488498188066e+00 3.937776488498188066e+00 3.937776488498188066e+00 3.937776488498188066e+00 3.937776488498188066e+00 3.957210693853164152e+00
3.028501079147518205e+00 3.028501079147518205e+00 3.028501079147518205e+00 3.078047012236015512e+00 3.078047012236015512e+00 3.699549878742113940e+00 3.699549878742113940e+00 3.699549878742113940e+00 3.699549878742113940e+00 3.699549878742113940e+00 3.699549878742113940e+00 3.699549878742113940e+00 3.699549878742113940e+00 3.699549878742113940e+00 3.699549878742113940e+00 3.699549878742113940e+00 3.699549878742113940e+00 3.699549878742113940e+00 3.699549878742113940e+00 4.140355879965495589e+00
2.374777524372719384e+00 2.494836219211763240e+00 2.494836219211763240e+00 2.494836219211763240e+00 2.494836219211763240e+00 2.494836219211763240e+00 3.342954089455894895e+00 3.342954089455894895e+00 3.342954089455894895e+00 3.533645956473720151e+00 3.533645956473720151e+00 3.533645956473720151e+00 3.533645956473720151e+00 3.533645956473720151e+00 3.533645956473720151e+00 3.533645956473720151e+00 3.533645956473720151e+00 3.533645956473720151e+00 3.533645956473720151e+00 3.533645956473720151e+00
2.784227591896287102e+00 2.784227591896287102e+00 2.784227591896287102e+00 2.784227591896287102e+00 2.784227591896287102e+00 2.784227591896287102e+00 2.784227591896287102e+00 2.900639899160121882e+00 2.900639899160121882e+00 2.900639899160121882e+00 2.900639899160121882e+00 2.900639899160121882e+00 2.900639899160121882e+00 2.900639899160121882e+00 2.900639899160121882e+00 2.900639899160121882e+00 2.900639899160121882e+00 2.900639899160121882e+00 2.900639899160121882e+00 2.900639899160121882e+00
5.466026467346223328e-01 5.466026467346223328e-01 5.466026467346223328e-01 1.491478859795772216e+00 1.919144888068043286e+00 1.919144888068043286e+00 1.919144888068043286e+00 1.919144888068043286e+00 1.919144888068043286e+00 1.919144888068043286e+00 1.919144888068043286e+00 1.919144888068043286e+00 1.919144888068043286e+00 1.919144888068043286e+00 1.919144888068043286e+00 1.919144888068043286e+00 2.147180998525263007e+00 2.147180998525263007e+00 2.147180998525263007e+00 2.147180998525263007e+00
3.753267669544058105e-01 3.753267669544058105e-01 5.940151510892811570e-01 2.369697582493902832e+00 2.369697582493902832e+00 2.369697582493902832e+00 2.369697582493902832e+00 2.369697582493902832e+00 2.369697582493902832e+00 2.369697582493902832e+00 2.369697582493902832e+00 2.701772621226579130e+00 2.701772621226579130e+00 2.701772621226579130e+00 2.701772621226579130e+00 2.701772621226579130e+00 2.701772621226579130e+00 2.701772621226579130e+00 2.701772621226579130e+00 2.701772621226579130e+00
1.807139081155356486e+00 2.558164895661536153e+00 2.558164895661536153e+00 2.558164895661536153e+00 2.849346173337644395e+00 2.849346173337644395e+00 2.849346173337644395e+00 2.849346173337644395e+00 2.849346173337644395e+00 2.849346173337644395e+00 2.849346173337644395e+00 2.849346173337644395e+00 2.849346173337644395e+00 2.849346173337644395e+00 2.849346173337644395e+00 2.849346173337644395e+00 2.849346173337644395e+00 2.849346173337644395e+00 2.849346173337644395e+00 2.849346173337644395e+00
-3.713125285322515179e+00 -3.713125285322515179e+00 -3.713125285322515179e+00 -3.706358885842484074e+00 -2.589639331029410130e+00 1.726548780631645075e+00 1.726548780631645075e+00 1.726548780631645075e+00 1.726548780631645075e+00 1.726548780631645075e+00 1.726548780631645075e+00 1.726548780631645075e+00 1.726548780631645075e+00 1.726548780631645075e+00 1.726548780631645075e+00 1.726548780631645075e+00 1.726548780631645075e+00 1.726548780631645075e+00 1.726548780631645075e+00 1.726548780631645075e+00
1.807213807749435963e-01 3.613695809566485284e+00 3.613695809566485284e+00 3.613695809566485284e+00 3.613695809566485284e+00 3.613695809566485284e+00 3.613695809566485284e+00 3.613695809566485284e+00 3.613695809566485284e+00 3.613695809566485284e+00 3.613695809566485284e+00 3.613695809566485284e+00 3.613695809566485284e+00 3.613695809566485284e+00 3.613695809566485284e+00 3.613695809566485284e+00 3.613695809566485284e+00 3.613695809566485284e+00 3.613695809566485284e+00 3.613695809566485284e+00
-3.654368711045193896e-01 -3.654368711045193896e-01 9.533596604928498142e-01 2.919089931170065100e+00 2.919089931170065100e+00 2.919089931170065100e+00 2.919089931170065100e+00 2.919089931170065100e+00 2.919089931170065100e+00 2.919089931170065100e+00 2.919089931170065100e+00 2.919089931170065100e+00 2.919089931170065100e+00 2.919089931170065100e+00 2.919089931170065100e+00 2.919089931170065100e+00 2.919089931170065100e+00 2.919089931170065100e+00 2.919089931170065100e+00 3.067990727495269354e+00
1.094857335750761607e+00 1.094857335750761607e+00 1.932782978113377403e+00 1.932782978113377403e+00 1.932782978113377403e+00 2.117690750721410886e+00 2.203413180499189661e+00 2.203413180499189661e+00 2.203413180499189661e+00 2.294414680626368774e+00 2.294414680626368774e+00 2.294414680626368774e+00 3.427721720836797381e+00 3.427721720836797381e+00 3.427721720836797381e+00 3.427721720836797381e+00 3.427721720836797381e+00 3.532239491189048231e+00 3.532239491189048231e+00 3.532239491189048231e+00
-2.935595475694127154e-01 2.322999857706554039e+00 2.410468235638120849e+00 2.410468235638120849e+00 2.410468235638120849e+00 2.694379195053696385e+00 2.694379195053696385e+00 2.694379195053696385e+00 2.694379195053696385e+00 2.694379195053696385e+00 2.694379195053696385e+00 2.694379195053696385e+00 2.694379195053696385e+00 2.694379195053696385e+00 2.694379195053696385e+00 2.694379195053696385e+00 2.694379195053696385e+00 2.694379195053696385e+00 2.694379195053696385e+00 2.694379195053696385e+00
-9.591000323835324748e-01 -6.858286195896682313e-01 -6.858286195896682313e-01 -6.858286195896682313e-01 2.705735894535160391e+00 2.705735894535160391e+00 2.705735894535160391e+00 2.705735894535160391e+00 2.705735894535160391e+00 2.705735894535160391e+00 2.705735894535160391e+00 2.705735894535160391e+00 2.705735894535160391e+00 2.705735894535160391e+00 2.705735894535160391e+00 2.705735894535160391e+00 2.705735894535160391e+00 2.705735894535160391e+00 2.705735894535160391e+00 2.705735894535160391e+00
1.604343964425758662e+00 1.604343964425758662e+00 1.604343964425758662e+00 1.604343964425758662e+00 2.732768821613910770e+00 2.732768821613910770e+00 2.732768821613910770e+00 2.732768821613910770e+00 2.732768821613910770e+00 2.732768821613910770e+00 2.732768821613910770e+00 2.732768821613910770e+00 2.732768821613910770e+00 2.732768821613910770e+00 2.732768821613910770e+00 2.732768821613910770e+00 2.732768821613910770e+00 2.732768821613910770e+00 2.732768821613910770e+00 2.927791340598428604e+00
