-1.349396502955617416e+00 3.892139923326851658e-01 3.892139923326851658e-01 3.892139923326851658e-01 3.892139923326851658e-01 7.366951165971851179e-01 8.809544268316291671e-01 1.448625022436947685e+00 1.448625022436947685e+00 2.022225318452657739e+00 2.022225318452657739e+00 2.022225318452657739e+00 2.022225318452657739e+00 2.022225318452657739e+00 2.022225318452657739e+00 2.022225318452657739e+00 2.320374737056591474e+00 2.320374737056591474e+00 2.320374737056591474e+00 2.320374737056591474e+00
-1.421065472324069656e+00 -1.421065472324069656e+00 3.050464764518978633e-01 1.342648149818691738e+00 1.342648149818691738e+00 1.342648149818691738e+00 1.342648149818691738e+00 1.342648149818691738e+00 1.342648149818691738e+00 1.342648149818691738e+00 1.342648149818691738e+00 1.342648149818691738e+00 1.342648149818691738e+00 1.342648149818691738e+00 1.342648149818691738e+00 1.342648149818691738e+00 1.342648149818691738e+00 1.342648149818691738e+00 1.342648149818691738e+00 1.342648149818691738e+00
-1.342639692689777453e+00 -1.342639692689777453e+00 -1.342639692689777453e+00 -1.342639692689777453e+00 2.831431274269188503e+00 2.831431274269188503e+00 2.831431274269188503e+00 2.831431274269188503e+00 2.831431274269188503e+00 2.831431274269188503e+00 2.831431274269188503e+00 2.831431274269188503e+00 2.831431274269188503e+00 2.960897644425874109e+00 2.960897644425874109e+00 2.960897644425874109e+00 2.960897644425874109e+00 3.318279455177006732e+00 3.318279455177006732e+00 3.318279455177006732e+00
7.237215477906612238e-01 1.392473149369983787e+00 1.392473149369983787e+00 1.392473149369983787e+00 1.392473149369983787e+00 1.392473149369983787e+00 1.392473149369983787e+00 1.392473149369983787e+00 1.392473149369983787e+00 1.392473149369983787e+00 1.392473149369983787e+00 2.298568776469012143e+00 2.406158635811216140e+00 2.406158635811216140e+00 2.406158635811216140e+00 2.672910929370869049e+00 2.672910929370869049e+00 2.875311086206223443e+00 2.875311086206223443e+00 2.875311086206223443e+00
1.249386396309660197e-01 2.351843840569983968e+00 2.351843840569983968e+00 2.351843840569983968e+00 2.351843840569983968e+00 2.351843840569983968e+00 2.351843840569983968e+00 2.351843840569983968e+00 2.351843840569983968e+00 3.176040509715352567e+00 3.554478561539422543e+00 3.554478561539422543e+00 3.554478561539422543e+00 3.554478561539422543e+00 3.554478561539422543e+00 3.554478561539422543e+00 3.554478561539422543e+00 3.554478561539422543e+00 3.554478561539422543e+00 3.554478561539422543e+00
9.818839651452353490e-01 9.818839651452353490e-01 9.818839651452353490e-01 9.818839651452353490e-01 1.763089195947868948e+00 1.763089195947868948e+00 1.763089195947868948e+00 1.763089195947868948e+00 1.763089195947868948e+00 1.763089195947868948e+00 1.763089195947868948e+00 1.763089195947868948e+00 1.763089195947868948e+00 1.763089195947868948e+00 1.763089195947868948e+00 1.763089195947868948e+00 1.763089195947868948e+00 1.763089195947868948e+00 1.763089195947868948e+00 1.763089195947868948e+00
2.414001384889111979e+00 2.414001384889111979e+00 2.414001384889111979e+00 2.414001384889111979e+00 2.414001384889111979e+00 2.414001384889111979e+00 2.414001384889111979e+00 2.414001384889111979e+00 2.414001384889111979e+00 2.414001384889111979e+00 2.414001384889111979e+00 2.414001384889111979e+00 2.414001384889111979e+00 2.421000000743081415e+00 2.576543488492768486e+00 2.576543488492768486e+00 2.576543488492768486e+00 2.576543488492768486e+00 2.576543488492768486e+00 2.576543488492768486e+00
6.134538256447086280e-01 6.134538256447086280e-01 6.134538256447086280e-01 6.134538256447086280e-01 1.496312405777119103e+00 1.496312405777119103e+00 1.932046384242866566e+00 2.989504367847491295e+00 2.989504367847491295e+00 2.989504367847491295e+00 2.989504367847491295e+00 2.989504367847491295e+00 2.989504367847491295e+00 2.989504367847491295e+00 2.989504367847491295e+00 2.989504367847491295e+00 2.989504367847491295e+00 2.989504367847491295e+00 2.989504367847491295e+00 2.989504367847491295e+00
3.402421808961529237e+00 3.402421808961529237e+00 3.402421808961529237e+00 3.402421808961529237e+00 3.402421808961529237e+00 3.402421808961529237e+00 3.402421808961529237e+00 3.402421808961529237e+00 3.402421808961529237e+00 3.402421808961529237e+00 3.402421808961529237e+00 3.402421808961529237e+00 3.402421808961529237e+00 3.402421808961529237e+00 3.402421808961529237e+00 3.402421808961529237e+00 3.402421808961529237e+00 3.402421808961529237e+00 3.402421808961529237e+00 3.952937105360686765e+00
2.319714517705942836e+00 2.319714517705942836e+00 2.319714517705942836e+00 2.319714517705942836e+00 2.319714517705942836e+00 2.319714517705942836e+00 2.319714517705942836e+00 2.709953650484562271e+00 2.709953650484562271e+00 2.709953650484562271e+00 2.709953650484562271e+00 2.834561795764452885e+00 2.834561795764452885e+00 2.834561795764452885e+00 2.834561795764452885e+00 2.834561795764452885e+00 2.834561795764452885e+00 2.834561795764452885e+00 2.834561795764452885e+00 2.834561795764452885e+00
-2.264595634250175848e+00 -1.532965733691845855e+00 -1.532965733691845855e+00 -6.789308933208860752e-01 -6.789308933208860752e-01 -3.743669932101316156e-01 -3.743669932101316156e-01 4.158899285232721121e-01 4.158899285232721121e-01 4.158899285232721121e-01 4.158899285232721121e-01 4.158899285232721121e-01 4.158899285232721121e-01 4.158899285232721121e-01 4.158899285232721121e-01 4.158899285232721121e-01 4.158899285232721121e-01 4.158899285232721121e-01 4.732518013578462801e-01 1.148842509024317282e+00
1.178111368231437694e+00 1.178111368231437694e+00 1.178111368231437694e+00 1.178111368231437694e+00 1.178111368231437694e+00 1.363295646155923802e+00 1.363295646155923802e+00 2.138419801243206742e+00 2.644860513875807229e+00 2.644860513875807229e+00 2.644860513875807229e+00 2.644860513875807229e+00 2.644860513875807229e+00 3.089986033104722196e+00 3.232175454012074400e+00 3.232175454012074400e+00 3.232175454012074400e+00 4.843185674467949120e+00 4.843185674467949120e+00 4.843185674467949120e+00
3.494529765439213786e-01 2.666985300933300440e+00 2.666985300933300440e+00 2.666985300933300440e+00 2.666985300933300440e+00 2.666985300933300440e+00 2.666985300933300440e+00 2.666985300933300440e+00 4.771197357492638069e+00 4.771197357492638069e+00 4.771197357492638069e+00 4.771197357492638069e+00 4.771197357492638069e+00 4.771197357492638069e+00 4.771197357492638069e+00 4.771197357492638069e+00 4.771197357492638069e+00 4.771197357492638069e+00 4.771197357492638069e+00 4.771197357492638069e+00
3.858290648222624686e+00 3.858290648222624686e+00 3.858290648222624686e+00 3.858290648222624686e+00 3.858290648222624686e+00 3.858290648222624686e+00 3.858290648222624686e+00 3.858290648222624686e+00 3.858290648222624686e+00 3.858290648222624686e+00 3.858290648222624686e+00 3.858290648222624686e+00 3.858290648222624686e+00 3.858290648222624686e+00 3.858290648222624686e+00 3.858290648222624686e+00 3.858290648222624686e+00 3.858290648222624686e+00 3.858290648222624686e+00 3.858290648222624686e+00
-2.431692559823344979e+00 -2.431692559823344979e+00 -8.883346344315787846e-01 1.349669261010270516e+00 1.349669261010270516e+00 1.442535282514392669e+00 1.442535282514392669e+00 1.462056737230537973e+00 1.462056737230537973e+00 1.826925667569184952e+00 1.826925667569184952e+00 1.826925667569184952e+00 1.826925667569184952e+00 1.826925667569184952e+00 1.826925667569184952e+00 1.826925667569184952e+00 2.775770530667382552e+00 2.775770530667382552e+00 2.775770530667382552e+00 2.775770530667382552e+00
1.806723834530834738e+00 1.806723834530834738e+00 3.169734587058064434e+00 3.169734587058064434e+00 3.169734587058064434e+00 3.169734587058064434e+00 3.169734587058064434e+00 3.169734587058064434e+00 3.169734587058064434e+00 3.169734587058064434e+00 3.169734587058064434e+00 3.169734587058064434e+00 3.169734587058064434e+00 3.169734587058064434e+00 3.169734587058064434e+00 3.169734587058064434e+00 3.169734587058064434e+00 3.169734587058064434e+00 3.169734587058064434e+00 3.169734587058064434e+00
-2.886294548982171637e+00 -2.180967747581394889e+00 -2.180967747581394889e+00 -2.180967747581394889e+00 -2.180967747581394889e+00 -2.180967747581394889e+00 2.980111645275946852e-01 2.980111645275946852e-01 3.077458687052070818e+00 3.125376830634072345e+00 3.125376830634072345e+00 3.125376830634072345e+00 3.125376830634072345e+00 3.125376830634072345e+00 3.125376830634072345e+00 3.445759823446284731e+00 3.445759823446284731e+00 3.445759823446284731e+00 3.445759823446284731e+00 3.445759823446284731e+00
2.588956129342195212e+00 3.302820050276314756e+00 3.302820050276314756e+00 3.302820050276314756e+00 3.302820050276314756e+00 3.302820050276314756e+00 3.302820050276314756e+00 3.302820050276314756e+00 3.302820050276314756e+00 3.302820050276314756e+00 3.302820050276314756e+00 3.302820050276314756e+00 3.302820050276314756e+00 3.302820050276314756e+00 3.812935448378121706e+00 3.812935448378121706e+00 3.812935448378121706e+00 3.812935448378121706e+00 3.812935448378121706e+00 3.812935448378121706e+00
-6.540847283886316532e+00 -3.958442149376476760e+00 -3.958442149376476760e+00 -3.958442149376476760e+00 -3.958442149376476760e+00 -3.443150136142417050e+00 -3.443150136142417050e+00 -3.443150136142417050e+00 -3.443150136142417050e+00 -3.443150136142417050e+00 -3.443150136142417050e+00 -2.421930171903858842e+00 5.619906200184844325e-01 1.993779074357304282e+00 1.993779074357304282e+00 1.993779074357304282e+00 1.993779074357304282e+00 1.993779074357304282e+00 1.993779074357304282e+00 1.993779074357304282e+00
1.272544931259682599e+00 1.272544931259682599e+00 1.272544931259682599e+00 1.272544931259682599e+00 1.272544931259682599e+00 1.852698644828661312e+00 1.852698644828661312e+00 1.852698644828661312e+00 1.852698644828661312e+00 1.852698644828661312e+00 2.194902025134858103e+00 3.260411108279714920e+00 3.260411108279714920e+00 3.260411108279714920e+00 3.260411108279714920e+00 3.260411108279714920e+00 3.260411108279714920e+00 3.260411108279714920e+00 3.260411108279714920e+00 3.260411108279714920e+00
-6.964843613413810308e-01 -6.964843613413810308e-01 1.062722900556266836e+00 1.062722900556266836e+00 1.062722900556266836e+00 1.839997969986183035e+00 1.839997969986183035e+00 1.839997969986183035e+00 1.839997969986183035e+00 1.839997969986183035e+00 1.839997969986183035e+00 1.839997969986183035e+00 1.839997969986183035e+00 1.839997969986183035e+00 1.839997969986183035e+00 1.839997969986183035e+00 1.839997969986183035e+00 1.913852808317624277e+00 1.913852808317624277e+00 1.913852808317624277e+00
3.028552699698320971e+00 3.028552699698320971e+00 3.028552699698320971e+00 3.028552699698320971e+00 3.028552699698320971e+00 3.028552699698320971e+00 3.028552699698320971e+00 3.028552699698320971e+00 3.028552699698320971e+00 3.028552699698320971e+00 3.028552699698320971e+00 3.028552699698320971e+00 3.028552699698320971e+00 3.028552699698320971e+00 3.028552699698320971e+00 3.028552699698320971e+00 3.028552699698320971e+00 3.028552699698320971e+00 3.028552699698320971e+00 3.028552699698320971e+00
1.737625391827474219e+00 1.737625391827474219e+00 1.737625391827474219e+00 1.737625391827474219e+00 1.737625391827474219e+00 1.737625391827474219e+00 1.737625391827474219e+00 1.737625391827474219e+00 2.931122369374557834e+00 2.931122369374557834e+00 2.931122369374557834e+00 2.931122369374557834e+00 2.931122369374557834e+00 2.931122369374557834e+00 2.931122369374557834e+00 2.931122369374557834e+00 2.931122369374557834e+00 2.931122369374557834e+00 2.931122369374557834e+00 2.931122369374557834e+00
-3.230461480778212824e+00 -1.420548310817995041e+00 -3.865128961139766561e-01 2.716624240623827458e+00 2.716624240623827458e+00 2.716624240623827458e+00 3.002780840495119730e+00 3.002780840495119730e+00 3.002780840495119730e+00 3.002780840495119730e+00 3.002780840495119730e+00 3.448704328133322949e+00 3.448704328133322949e+00 3.448704328133322949e+00 3.448704328133322949e+00 3.618201459050915947e+00 3.618201459050915947e+00 3.618201459050915947e+00 3.618201459050915947e+00 3.618201459050915947e+00
-5.918926314921002518e-01 -5.918926314921002518e-01 -5.918926314921002518e-01 3.330146232429900266e-01 3.330146232429900266e-01 3.330146232429900266e-01 3.330146232429900266e-01 3.330146232429900266e-01 3.330146232429900266e-01 3.330146232429900266e-01 3.330146232429900266e-01 1.391406896986611130e+00 1.391406896986611130e+00 1.391406896986611130e+00 1.391406896986611130e+00 1.391406896986611130e+00 1.391406896986611130e+00 1.661143413276910508e+00 1.661143413276910508e+00 3.491298088603020044e+00
1.381708296422576199e+00 1.381708296422576199e+00 1.381708296422576199e+00 1.657085968372602025e+00 1.657085968372602025e+00 1.740552671123256179e+00 1.740552671123256179e+00 1.740552671123256179e+00 2.461351102562039372e+00 2.473147653886480501e+00 2.785513019770327503e+00 2.785513019770327503e+00 2.785513019770327503e+00 2.785513019770327503e+00 2.785513019770327503e+00 2.785513019770327503e+00 2.785513019770327503e+00 2.785513019770327503e+00 2.785513019770327503e+00 3.547147942414532018e+00
1.088007174663837340e+00 1.697363072830989417e+00 1.697363072830989417e+00 1.697363072830989417e+00 1.697363072830989417e+00 1.799941256882283680e+00 1.804981656477277374e+00 1.804981656477277374e+00 1.804981656477277374e+00 1.804981656477277374e+00 2.149998360680709375e+00 2.149998360680709375e+00 2.149998360680709375e+00 2.149998360680709375e+00 3.318090980733544804e+00 3.324345227083068011e+00 3.324345227083068011e+00 3.324345227083068011e+00 3.324345227083068011e+00 3.324345227083068011e+00
6.712255796244065431e-01 6.712255796244065431e-01 6.911841051215433795e-01 6.911841051215433795e-01 8.495396942549272579e-01 8.495396942549272579e-01 8.495396942549272579e-01 8.495396942549272579e-01 8.495396942549272579e-01 8.495396942549272579e-01 8.495396942549272579e-01 8.495396942549272579e-01 8.495396942549272579e-01 8.495396942549272579e-01 8.495396942549272579e-01 8.495396942549272579e-01 8.495396942549272579e-01 8.495396942549272579e-01 8.495396942549272579e-01 8.495396942549272579e-01
-3.119964517363670975e+00 -3.119964517363670975e+00 -2.874607480592539233e+00 1.237291619833005007e-01 1.237291619833005007e-01 1.237291619833005007e-01 1.237291619833005007e-01 1.237291619833005007e-01 1.237291619833005007e-01 1.237291619833005007e-01 1.237291619833005007e-01 1.237291619833005007e-01 1.237291619833005007e-01 2.354318144407354652e+00 2.354318144407354652e+00 2.354318144407354652e+00 2.436964028026912477e+00 2.436964028026912477e+00 2.436964028026912477e+00 2.436964028026912477e+00
2.599705419868082235e+00 2.818650720510789132e+00 2.818650720510789132e+00 3.001927945538285236e+00 3.001927945538285236e+00 3.001927945538285236e+00 3.001927945538285236e+00 3.141588484855751595e+00 3.141588484855751595e+00 3.141588484855751595e+00 3.141588484855751595e+00 3.141588484855751595e+00 3.141588484855751595e+00 3.141588484855751595e+00 3.141588484855751595e+00 3.141588484855751595e+00 3.141588484855751595e+00 3.141588484855751595e+00 3.141588484855751595e+00 3.141588484855751595e+00
6.547899084427860616e-01 6.547899084427860616e-01 8.209208559130480864e-01 2.457829593553906733e+00 2.457829593553906733e+00 2.457829593553906733e+00 2.457829593553906733e+00 2.457829593553906733e+00 2.457829593553906733e+00 2.457829593553906733e+00 2.543833882577185346e+00 2.543833882577185346e+00 2.543833882577185346e+00 2.543833882577185346e+00 2.863151003214692736e+00 2.863151003214692736e+00 2.863151003214692736e+00 2.957219047611082008e+00 2.957219047611082008e+00 2.957219047611082008e+00
3.223602859347015848e+00 3.223602859347015848e+00 3.223602859347015848e+00 3.795971361184143689e+00 3.795971361184143689e+00 3.795971361184143689e+00 3.795971361184143689e+00 3.795971361184143689e+00 3.795971361184143689e+00 3.795971361184143689e+00 3.795971361184143689e+00 3.795971361184143689e+00 3.795971361184143689e+00 3.795971361184143689e+00 3.795971361184143689e+00 3.795971361184143689e+00 3.795971361184143689e+00 3.795971361184143689e+00 3.795971361184143689e+00 3.795971361184143689e+00
-6.787277888710818274e+00 -2.788841055490559828e+00 -2.788841055490559828e+00 -2.788841055490559828e+00 -2.788841055490559828e+00 -2.788841055490559828e+00 -2.788841055490559828e+00 -2.788841055490559828e+00 -2.788841055490559828e+00 -3.584835479335192754e-01 -3.584835479335192754e-01 -3.584835479335192754e-01 -3.584835479335192754e-01 -3.584835479335192754e-01 -3.584835479335192754e-01 -3.584835479335192754e-01 -3.584835479335192754e-01 -1.425001093459210000e-01 -1.425001093459210000e-01 -1.425001093459210000e-01
-1.211550602988102687e+00 -1.043687415268424790e+00 4.935937707889935799e-01 6.521130536218717744e-01 6.521130536218717744e-01 6.521130536218717744e-01 6.521130536218717744e-01 6.521130536218717744e-01 6.521130536218717744e-01 6.521130536218717744e-01 6.521130536218717744e-01 1.561371381989308027e+00 2.541665694451887170e+00 2.541665694451887170e+00 2.541665694451887170e+00 2.541665694451887170e+00 2.541665694451887170e+00 2.541665694451887170e+00 2.541665694451887170e+00 2.541665694451887170e+00
1.743280367347346704e+00 1.743280367347346704e+00 1.743280367347346704e+00 2.619746330881882024e+00 2.619746330881882024e+00 2.619746330881882024e+00 2.826499932069125087e+00 3.502674241119836385e+00 3.502674241119836385e+00 3.502674241119836385e+00 3.502674241119836385e+00 3.502674241119836385e+00 3.502674241119836385e+00 3.502674241119836385e+00 3.502674241119836385e+00 3.502674241119836385e+00 3.502674241119836385e+00 3.756588190796002369e+00 3.756588190796002369e+00 3.756588190796002369e+00
1.271353922549394611e+00 1.271353922549394611e+00 1.308064843621081330e+00 1.308064843621081330e+00 1.853613905219854141e+00 1.853613905219854141e+00 1.853613905219854141e+00 1.902703805804250692e+00 1.902703805804250692e+00 1.902703805804250692e+00 1.902703805804250692e+00 1.902703805804250692e+00 1.902703805804250692e+00 1.902703805804250692e+00 1.940792090392850167e+00 1.940792090392850167e+00 1.940792090392850167e+00 2.389946082933713356e+00 2.389946082933713356e+00 2.389946082933713356e+00
-9.198052966406059516e-01 -7.072344150229518123e-01 1.924868370541663598e-01 7.432692210605943428e-01 7.432692210605943428e-01 7.432692210605943428e-01 7.432692210605943428e-01 1.447210357392435309e+00 1.447210357392435309e+00 1.447210357392435309e+00 1.703056508821124027e+00 1.703056508821124027e+00 1.703056508821124027e+00 1.703056508821124027e+00 1.703056508821124027e+00 1.703056508821124027e+00 1.703056508821124027e+00 1.703056508821124027e+00 1.703056508821124027e+00 1.817093327283416659e+00
-6.883816308524899341e-01 2.014355953633419904e+00 2.014355953633419904e+00 2.014355953633419904e+00 2.014355953633419904e+00 2.014355953633419904e+00 2.014355953633419904e+00 2.014355953633419904e+00 2.014355953633419904e+00 2.014355953633419904e+00 2.014355953633419904e+00 2.014355953633419904e+00 2.014355953633419904e+00 2.014355953633419904e+00 2.014355953633419904e+00 2.014355953633419904e+00 2.014355953633419904e+00 2.014355953633419904e+00 2.014355953633419904e+00 2.014355953633419904e+00
3.137218858613435746e+00 3.137218858613435746e+00 3.137218858613435746e+00 3.137218858613435746e+00 3.137218858613435746e+00 3.137218858613435746e+00 3.137218858613435746e+00 3.137218858613435746e+00 3.137218858613435746e+00 3.137218858613435746e+00 3.137218858613435746e+00 3.137218858613435746e+00 3.137218858613435746e+00 3.137218858613435746e+00 3.137218858613435746e+00 3.137218858613435746e+00 3.137218858613435746e+00 3.137218858613435746e+00 3.137218858613435746e+00 3.137218858613435746e+00
-1.716968447133066178e+00 -1.713148574418588144e+00 -1.713148574418588144e+00 -1.713148574418588144e+00 -1.702009042070179667e+00 -1.702009042070179667e+00 -1.702009042070179667e+00 -1.691445287712303180e+00 -1.691445287712303180e+00 7.458533330861063515e-01 7.458533330861063515e-01 8.953621368731121688e-01 8.953621368731121688e-01 1.949131571567490173e+00 1.949131571567490173e+00 1.949131571567490173e+00 1.949131571567490173e+00 1.949131571567490173e+00 1.965122699810355034e+00 1.965122699810355034e+00
