-2.964188160073338185e+00 -2.964188160073338185e+00 -2.964188160073338185e+00 -2.964188160073338185e+00 1.533179003646776284e+00 1.533179003646776284e+00 1.533179003646776284e+00 1.665830080483639453e+00 2.741406867199050801e+00 2.741406867199050801e+00 2.741406867199050801e+00 2.741406867199050801e+00 2.741406867199050801e+00 2.741406867199050801e+00 2.741406867199050801e+00 2.741406867199050801e+00 2.754207131559256894e+00 2.754207131559256894e+00 2.754207131559256894e+00 2.754207131559256894e+00
-8.461044075713504142e-01 -8.461044075713504142e-01 -8.461044075713504142e-01 -7.662467038149141096e-01 -7.662467038149141096e-01 -7.543274961452521854e-01 -7.543274961452521854e-01 -7.543274961452521854e-01 -5.566726827463021054e-01 -5.566726827463021054e-01 6.295762684531009956e-01 7.255246878874287431e-01 1.030142982609031588e+00 1.030142982609031588e+00 1.030142982609031588e+00 1.030142982609031588e+00 1.030142982609031588e+00 1.030142982609031588e+00 1.030142982609031588e+00 1.100290742549091538e+00
1.493382462357339402e-01 2.313860158439400738e+00 3.241109382273290151e+00 3.241109382273290151e+00 3.241109382273290151e+00 3.241109382273290151e+00 3.241109382273290151e+00 3.241109382273290151e+00 3.696422885358294330e+00 3.696422885358294330e+00 3.696422885358294330e+00 3.696422885358294330e+00 3.696422885358294330e+00 3.696422885358294330e+00 3.696422885358294330e+00 3.696422885358294330e+00 3.696422885358294330e+00 3.696422885358294330e+00 3.696422885358294330e+00 4.649044796654804301e+00
3.611288544857488070e+00 3.668072058920496925e+00 3.668072058920496925e+00 3.668072058920496925e+00 3.668072058920496925e+00 3.668072058920496925e+00 3.668072058920496925e+00 3.668072058920496925e+00 3.668072058920496925e+00 3.668072058920496925e+00 3.668072058920496925e+00 3.668072058920496925e+00 3.668072058920496925e+00 3.668072058920496925e+00 3.668072058920496925e+00 3.668072058920496925e+00 3.668072058920496925e+00 3.668072058920496925e+00 3.668072058920496925e+00 3.668072058920496925e+00
3.745959084601127920e+00 3.745959084601127920e+00 3.745959084601127920e+00 3.745959084601127920e+00 3.745959084601127920e+00 3.745959084601127920e+00 3.745959084601127920e+00 3.745959084601127920e+00 3.745959084601127920e+00 3.745959084601127920e+00 3.745959084601127920e+00 3.745959084601127920e+00 3.745959084601127920e+00 3.770585614963151144e+00 3.770585614963151144e+00 3.906692141324170642e+00 3.906692141324170642e+00 3.906692141324170642e+00 3.906692141324170642e+00 3.906692141324170642e+00
-3.565714819459109286e-01 6.283085939214007043e-01 6.283085939214007043e-01 6.283085939214007043e-01 1.159601726536984678e+00 1.159601726536984678e+00 1.159601726536984678e+00 1.159601726536984678e+00 1.214970947002879109e+00 1.688736093365987401e+00 1.688736093365987401e+00 2.211010347595352865e+00 2.211010347595352865e+00 2.211010347595352865e+00 2.211010347595352865e+00 2.211010347595352865e+00 2.211010347595352865e+00 2.211010347595352865e+00 2.211010347595352865e+00 3.083843563945809052e+00
3.948253337496087312e+00 3.948253337496087312e+00 3.948253337496087312e+00 3.948253337496087312e+00 4.202950298840596233e+00 4.202950298840596233e+00 4.202950298840596233e+00 4.202950298840596233e+00 4.202950298840596233e+00 4.202950298840596233e+00 4.202950298840596233e+00 4.202950298840596233e+00 4.202950298840596233e+00 4.202950298840596233e+00 4.202950298840596233e+00 4.202950298840596233e+00 4.202950298840596233e+00 4.202950298840596233e+00 4.202950298840596233e+00 4.202950298840596233e+00
4.312459943566432363e-01 4.312459943566432363e-01 1.661327290824143876e+00 2.305924880266223109e+00 2.305924880266223109e+00 2.305924880266223109e+00 2.305924880266223109e+00 5.178861413653392809e+00 5.178861413653392809e+00 5.178861413653392809e+00 5.178861413653392809e+00 5.178861413653392809e+00 5.178861413653392809e+00 5.178861413653392809e+00 5.178861413653392809e+00 5.178861413653392809e+00 5.178861413653392809e+00 5.178861413653392809e+00 5.178861413653392809e+00 5.178861413653392809e+00
8.938781091267569145e-01 2.262859047439374827e+00 2.262859047439374827e+00 2.262859047439374827e+00 2.262859047439374827e+00 2.262859047439374827e+00 2.262859047439374827e+00 2.897287640958750465e+00 3.833038142800206494e+00 3.833038142800206494e+00 3.833038142800206494e+00 3.833038142800206494e+00 3.833038142800206494e+00 3.833038142800206494e+00 3.833038142800206494e+00 3.833038142800206494e+00 3.833038142800206494e+00 3.833038142800206494e+00 3.833038142800206494e+00 3.833038142800206494e+00
1.531384709096254459e+00 2.014895048388016363e+00 2.014895048388016363e+00 2.014895048388016363e+00 2.870418587200704419e+00 2.870418587200704419e+00 2.870418587200704419e+00 2.870418587200704419e+00 2.870418587200704419e+00 2.870418587200704419e+00 3.789975358662688087e+00 3.789975358662688087e+00 3.789975358662688087e+00 3.789975358662688087e+00 3.789975358662688087e+00 3.789975358662688087e+00 3.789975358662688087e+00 3.789975358662688087e+00 3.789975358662688087e+00 3.789975358662688087e+00
2.201344246658626158e+00 2.278083165175828206e+00 3.171051118207721675e+00 3.171051118207721675e+00 3.171051118207721675e+00 3.171051118207721675e+00 3.171051118207721675e+00 3.171051118207721675e+00 3.171051118207721675e+00 3.974915385517117095e+00 3.974915385517117095e+00 3.974915385517117095e+00 3.974915385517117095e+00 3.974915385517117095e+00 3.974915385517117095e+00 3.974915385517117095e+00 3.974915385517117095e+00 3.974915385517117095e+00 3.974915385517117095e+00 3.974915385517117095e+00
-2.698716790145560651e+00 1.194157936457875158e+00 1.194157936457875158e+00 1.194157936457875158e+00 1.194157936457875158e+00 1.194157936457875158e+00 1.194157936457875158e+00 1.194157936457875158e+00 1.194157936457875158e+00 1.194157936457875158e+00 1.194157936457875158e+00 1.194157936457875158e+00 1.194157936457875158e+00 1.194157936457875158e+00 1.194157936457875158e+00 1.194157936457875158e+00 1.194157936457875158e+00 1.194157936457875158e+00 1.194157936457875158e+00 1.606600281486922910e+00
2.425327854902418867e+00 2.602419794202715408e+00 2.602419794202715408e+00 2.602419794202715408e+00 2.602419794202715408e+00 2.602419794202715408e+00 2.602419794202715408e+00 2.777797710406078480e+00 2.777797710406078480e+00 2.777797710406078480e+00 2.777797710406078480e+00 2.777797710406078480e+00 3.227641953203304048e+00 3.227641953203304048e+00 3.227641953203304048e+00 3.227641953203304048e+00 3.227641953203304048e+00 3.227641953203304048e+00 3.406509274319777347e+00 4.997374394814849907e+00
2.543575160143698888e+00 2.543575160143698888e+00 2.543575160143698888e+00 2.543575160143698888e+00 2.543575160143698888e+00 2.543575160143698888e+00 2.543575160143698888e+00 2.543575160143698888e+00 2.543575160143698888e+00 2.543575160143698888e+00 2.543575160143698888e+00 2.543575160143698888e+00 2.543575160143698888e+00 2.543575160143698888e+00 2.543575160143698888e+00 2.543575160143698888e+00 2.543575160143698888e+00 2.543575160143698888e+00 2.543575160143698888e+00 2.543575160143698888e+00
1.636920121239052728e+00 1.636920121239052728e+00 1.636920121239052728e+00 1.636920121239052728e+00 1.636920121239052728e+00 1.636920121239052728e+00 1.636920121239052728e+00 1.636920121239052728e+00 1.636920121239052728e+00 1.636920121239052728e+00 2.548598657774351128e+00 2.548598657774351128e+00 2.548598657774351128e+00 2.757057803857105860e+00 4.129354605390042288e+00 4.129354605390042288e+00 4.129354605390042288e+00 4.129354605390042288e+00 4.129354605390042288e+00 4.129354605390042288e+00
-2.121979772345755078e-01 1.119655763589810338e+00 1.119655763589810338e+00 1.119655763589810338e+00 1.119655763589810338e+00 1.119655763589810338e+00 1.119655763589810338e+00 1.119655763589810338e+00 1.119655763589810338e+00 2.697558440767570787e+00 3.878117911030211751e+00 3.878117911030211751e+00 3.878117911030211751e+00 3.878117911030211751e+00 3.878117911030211751e+00 3.878117911030211751e+00 3.878117911030211751e+00 3.878117911030211751e+00 3.878117911030211751e+00 3.878117911030211751e+00
-8.274090570892552066e+00 9.231052580811851538e-01 9.231052580811851538e-01 9.231052580811851538e-01 9.231052580811851538e-01 9.231052580811851538e-01 9.231052580811851538e-01 9.231052580811851538e-01 9.231052580811851538e-01 9.231052580811851538e-01 9.231052580811851538e-01 9.231052580811851538e-01 1.482912378495871097e+00 1.482912378495871097e+00 1.482912378495871097e+00 1.482912378495871097e+00 1.482912378495871097e+00 1.482912378495871097e+00 1.482912378495871097e+00 1.482912378495871097e+00
1.924427301527669609e+00 1.924427301527669609e+00 2.500641792516482997e+00 3.073602668871048937e+00 3.073602668871048937e+00 3.073602668871048937e+00 3.073602668871048937e+00 3.352876706782084160e+00 4.418843934241842852e+00 4.418843934241842852e+00 4.418843934241842852e+00 4.418843934241842852e+00 4.418843934241842852e+00 4.418843934241842852e+00 4.418843934241842852e+00 4.418843934241842852e+00 4.418843934241842852e+00 4.418843934241842852e+00 4.418843934241842852e+00 4.418843934241842852e+00
-4.340885094597975780e+00 -2.286037272756984429e+00 -1.298928501612936159e+00 -1.298928501612936159e+00 -1.298928501612936159e+00 2.879438931365257304e+00 2.879438931365257304e+00 2.879438931365257304e+00 2.879438931365257304e+00 2.879438931365257304e+00 2.879438931365257304e+00 2.879438931365257304e+00 2.879438931365257304e+00 2.879438931365257304e+00 2.879438931365257304e+00 2.879438931365257304e+00 2.879438931365257304e+00 2.879438931365257304e+00 3.354216128320430812e+00 3.354216128320430812e+00
5.136187736437379137e+00 5.136187736437379137e+00 5.136187736437379137e+00 5.136187736437379137e+00 5.136187736437379137e+00 5.136187736437379137e+00 5.136187736437379137e+00 5.136187736437379137e+00 5.136187736437379137e+00 5.136187736437379137e+00 5.136187736437379137e+00 5.136187736437379137e+00 5.136187736437379137e+00 5.136187736437379137e+00 5.136187736437379137e+00 5.136187736437379137e+00 5.136187736437379137e+00 5.136187736437379137e+00 5.136187736437379137e+00 5.136187736437379137e+00
3.073696751422765328e-01 3.073696751422765328e-01 9.146698222096334430e-01 9.146698222096334430e-01 9.146698222096334430e-01 9.146698222096334430e-01 9.146698222096334430e-01 9.146698222096334430e-01 1.454997759858468687e+00 1.454997759858468687e+00 1.598723978886989805e+00 2.577476028760062210e+00 2.577476028760062210e+00 4.686492329700751469e+00 4.686492329700751469e+00 4.686492329700751469e+00 4.686492329700751469e+00 4.686492329700751469e+00 4.686492329700751469e+00 4.686492329700751469e+00
2.142740702361052740e+00 2.789666028122567809e+00 2.789666028122567809e+00 2.789666028122567809e+00 2.789666028122567809e+00 2.789666028122567809e+00 2.789666028122567809e+00 2.789666028122567809e+00 2.805497053513994477e+00 3.910265202096615766e+00 3.910265202096615766e+00 3.910265202096615766e+00 3.910265202096615766e+00 3.910265202096615766e+00 3.910265202096615766e+00 3.910265202096615766e+00 3.910265202096615766e+00 3.910265202096615766e+00 3.910265202096615766e+00 3.910265202096615766e+00
1.618096998115589269e+00 1.738873505781378448e+00 1.738873505781378448e+00 1.738873505781378448e+00 1.738873505781378448e+00 1.738873505781378448e+00 2.004136604910023323e+00 2.004136604910023323e+00 3.809832163052466747e+00 3.809832163052466747e+00 3.809832163052466747e+00 3.809832163052466747e+00 3.809832163052466747e+00 3.809832163052466747e+00 3.809832163052466747e+00 3.809832163052466747e+00 3.809832163052466747e+00 3.809832163052466747e+00 3.809832163052466747e+00 3.809832163052466747e+00
1.215047660808777907e+00 1.215047660808777907e+00 1.215047660808777907e+00 1.215047660808777907e+00 1.215047660808777907e+00 1.215047660808777907e+00 1.215047660808777907e+00 1.215047660808777907e+00 1.215047660808777907e+00 1.215047660808777907e+00 1.584671966817057465e+00 1.584671966817057465e+00 1.584671966817057465e+00 1.584671966817057465e+00 1.584671966817057465e+00 1.584671966817057465e+00 1.584671966817057465e+00 1.584671966817057465e+00 2.398843943748634633e+00 2.640238722053848797e+00
2.209595618256282590e-01 1.800437804753241888e+00 1.800437804753241888e+00 2.272173515208688599e+00 2.272173515208688599e+00 2.272173515208688599e+00 2.272173515208688599e+00 2.272173515208688599e+00 2.272173515208688599e+00 2.272173515208688599e+00 2.272173515208688599e+00 2.272173515208688599e+00 2.272173515208688599e+00 2.272173515208688599e+00 2.272173515208688599e+00 2.272173515208688599e+00 2.272173515208688599e+00 2.272173515208688599e+00 2.272173515208688599e+00 2.272173515208688599e+00
1.585392354718732078e+00 1.608695887096559973e+00 1.608695887096559973e+00 1.608695887096559973e+00 1.608695887096559973e+00 1.608695887096559973e+00 1.608695887096559973e+00 1.768813011741625196e+00 1.768813011741625196e+00 1.768813011741625196e+00 1.768813011741625196e+00 1.768813011741625196e+00 1.768813011741625196e+00 3.091938278555743214e+00 3.091938278555743214e+00 3.091938278555743214e+00 3.091938278555743214e+00 3.091938278555743214e+00 3.091938278555743214e+00 3.091938278555743214e+00
-1.449984853087236125e+00 -1.449984853087236125e+00 2.026925948396451904e-01 2.026925948396451904e-01 2.026925948396451904e-01 2.026925948396451904e-01 2.026925948396451904e-01 2.026925948396451904e-01 2.026925948396451904e-01 2.026925948396451904e-01 1.595977234734444972e+00 1.595977234734444972e+00 1.848447117699268505e+00 1.848447117699268505e+00 1.848447117699268505e+00 1.848447117699268505e+00 1.848447117699268505e+00 1.848447117699268505e+00 1.848447117699268505e+00 1.848447117699268505e+00
2.462299027331465329e+00 2.462299027331465329e+00 2.462299027331465329e+00 2.462299027331465329e+00 2.462299027331465329e+00 2.462299027331465329e+00 2.462299027331465329e+00 2.462299027331465329e+00 2.462299027331465329e+00 2.462299027331465329e+00 2.462299027331465329e+00 2.462299027331465329e+00 2.462299027331465329e+00 2.462299027331465329e+00 2.462299027331465329e+00 2.462299027331465329e+00 4.329667161024058686e+00 4.329667161024058686e+00 4.329667161024058686e+00 4.329667161024058686e+00
1.916598045441928022e+00 1.916598045441928022e+00 1.916598045441928022e+00 3.211588736239161967e+00 3.211588736239161967e+00 3.211588736239161967e+00 3.211588736239161967e+00 3.211588736239161967e+00 3.211588736239161967e+00 3.211588736239161967e+00 3.211588736239161967e+00 3.211588736239161967e+00 3.211588736239161967e+00 3.211588736239161967e+00 3.211588736239161967e+00 3.211588736239161967e+00 3.211588736239161967e+00 3.211588736239161967e+00 3.211588736239161967e+00 3.211588736239161967e+00
2.971951638491628245e+00 2.971951638491628245e+00 3.556213020213229825e+00 3.556213020213229825e+00 3.556213020213229825e+00 3.556213020213229825e+00 3.556213020213229825e+00 3.904429945991860773e+00 3.904429945991860773e+00 3.904429945991860773e+00 3.904429945991860773e+00 4.281204736872878058e+00 4.281204736872878058e+00 4.281204736872878058e+00 4.281204736872878058e+00 4.281204736872878058e+00 4.281204736872878058e+00 4.281204736872878058e+00 4.281204736872878058e+00 4.281204736872878058e+00
-2.340795016661683103e-01 2.836025975795020138e+00 2.836025975795020138e+00 2.836025975795020138e+00 2.836025975795020138e+00 2.836025975795020138e+00 2.836025975795020138e+00 2.836025975795020138e+00 2.836025975795020138e+00 2.836025975795020138e+00 2.836025975795020138e+00 2.836025975795020138e+00 2.836025975795020138e+00 2.836025975795020138e+00 2.836025975795020138e+00 2.836025975795020138e+00 2.836025975795020138e+00 2.836025975795020138e+00 2.836025975795020138e+00 2.836025975795020138e+00
2.994013309420688884e-01 2.994013309420688884e-01 2.994013309420688884e-01 2.994013309420688884e-01 8.908213890205463059e-01 8.908213890205463059e-01 8.908213890205463059e-01 1.168408146225166977e+00 1.168408146225166977e+00 1.168408146225166977e+00 1.168408146225166977e+00 1.168408146225166977e+00 1.168408146225166977e+00 1.168408146225166977e+00 1.169492818847749138e+00 1.776160592885523304e+00 1.776160592885523304e+00 1.776160592885523304e+00 1.776160592885523304e+00 1.776160592885523304e+00
-9.463426444315629071e-01 -9.463426444315629071e-01 -9.463426444315629071e-01 -9.463426444315629071e-01 -9.463426444315629071e-01 -9.463426444315629071e-01 -9.463426444315629071e-01 -9.463426444315629071e-01 -6.905797804736801826e-01 2.214688701299063922e+00 2.214688701299063922e+00 4.100016688197603898e+00 4.100016688197603898e+00 4.100016688197603898e+00 4.100016688197603898e+00 4.100016688197603898e+00 4.100016688197603898e+00 4.100016688197603898e+00 4.515426619053947377e+00 4.515426619053947377e+00
3.901526027365362470e+00 3.901526027365362470e+00 3.901526027365362470e+00 3.901526027365362470e+00 3.901526027365362470e+00 3.901526027365362470e+00 3.901526027365362470e+00 3.901526027365362470e+00 3.901526027365362470e+00 3.901526027365362470e+00 3.901526027365362470e+00 3.901526027365362470e+00 3.901526027365362470e+00 3.901526027365362470e+00 3.901526027365362470e+00 3.901526027365362470e+00 3.901526027365362470e+00 3.901526027365362470e+00 3.901526027365362470e+00 3.901526027365362470e+00
-9.801707582838558253e+00 -9.801707582838558253e+00 -9.322743044260688450e+00 -9.322743044260688450e+00 -9.322743044260688450e+00 -8.630456824246175440e-01 9.818590461361480504e-01 9.818590461361480504e-01 9.818590461361480504e-01 1.352417939117207535e+00 3.019332987994249873e+00 3.019332987994249873e+00 3.019332987994249873e+00 3.019332987994249873e+00 3.019332987994249873e+00 3.019332987994249873e+00 3.019332987994249873e+00 3.019332987994249873e+00 3.019332987994249873e+00 3.892206064452674585e+00
2.446869906624537627e+00 2.446869906624537627e+00 2.446869906624537627e+00 2.446869906624537627e+00 2.446869906624537627e+00 2.446869906624537627e+00 2.446869906624537627e+00 2.446869906624537627e+00 2.446869906624537627e+00 2.446869906624537627e+00 2.446869906624537627e+00 2.446869906624537627e+00 2.446869906624537627e+00 2.446869906624537627e+00 2.446869906624537627e+00 2.446869906624537627e+00 2.446869906624537627e+00 2.446869906624537627e+00 2.446869906624537627e+00 2.446869906624537627e+00
1.531119460621445993e+00 1.531119460621445993e+00 1.531119460621445993e+00 1.531119460621445993e+00 1.531119460621445993e+00 1.531119460621445993e+00 1.531119460621445993e+00 1.531119460621445993e+00 2.282386803468115843e+00 2.282386803468115843e+00 2.282386803468115843e+00 2.282386803468115843e+00 2.282386803468115843e+00 2.282386803468115843e+00 2.282386803468115843e+00 2.282386803468115843e+00 2.839888201625325514e+00 2.839888201625325514e+00 2.839888201625325514e+00 2.839888201625325514e+00
1.448380343937078485e-01 4.893374012184485422e-01 4.893374012184485422e-01 4.896193314660964302e-01 8.139432993478563638e-01 1.247832885486206855e+00 3.944529635405563450e+00 3.944529635405563450e+00 3.944529635405563450e+00 3.944529635405563450e+00 3.944529635405563450e+00 3.944529635405563450e+00 3.944529635405563450e+00 3.944529635405563450e+00 3.944529635405563450e+00 3.944529635405563450e+00 3.944529635405563450e+00 3.944529635405563450e+00 3.944529635405563450e+00 3.944529635405563450e+00
-1.027944118494376369e+01 -7.523226261979497842e+00 -7.523226261979497842e+00 -7.523226261979497842e+00 -5.551388633639740888e+00 -4.196745385316245525e+00 -4.196745385316245525e+00 -3.575141455382699895e+00 -3.102263142727968770e+00 -3.102263142727968770e+00 -2.443747154909377883e+00 -2.443747154909377883e+00 -2.443747154909377883e+00 -2.443747154909377883e+00 -1.542340249200518265e+00 -1.542340249200518265e+00 1.547766939788774998e-01 1.547766939788774998e-01 1.547766939788774998e-01 1.547766939788774998e-01
3.892889879095952743e+00 3.892889879095952743e+00 3.892889879095952743e+00 4.018137530537064350e+00 4.018137530537064350e+00 4.018137530537064350e+00 4.018137530537064350e+00 4.018137530537064350e+00 4.018137530537064350e+00 4.018137530537064350e+00 4.018137530537064350e+00 4.018137530537064350e+00 4.018137530537064350e+00 4.169112599085059934e+00 4.169112599085059934e+00 4.169112599085059934e+00 4.169112599085059934e+00 4.169112599085059934e+00 4.218714773502986404e+00 4.218714773502986404e+00
