1.132322826424426276e+00 1.132322826424426276e+00 1.132322826424426276e+00 1.132322826424426276e+00 1.132322826424426276e+00 1.143139219017757835e+00 1.143139219017757835e+00 1.143139219017757835e+00 2.403910626853414279e+00 2.403910626853414279e+00 2.403910626853414279e+00 2.403910626853414279e+00 2.403910626853414279e+00 3.110839868685697951e+00 3.110839868685697951e+00 3.110839868685697951e+00 3.110839868685697951e+00 3.110839868685697951e+00 3.110839868685697951e+00 4.974553421108942608e+00
7.432144872304807803e-01 7.432144872304807803e-01 7.432144872304807803e-01 7.432144872304807803e-01 7.432144872304807803e-01 7.432144872304807803e-01 7.432144872304807803e-01 7.432144872304807803e-01 7.432144872304807803e-01 7.432144872304807803e-01 1.289506290213080941e+00 1.289506290213080941e+00 1.289506290213080941e+00 1.712658809354123512e+00 1.712658809354123512e+00 3.656167097667368804e+00 3.656167097667368804e+00 3.656167097667368804e+00 3.656167097667368804e+00 3.656167097667368804e+00
-3.130332404483578301e+00 -2.319314481687124285e+00 -2.319314481687124285e+00 -1.604239985029636717e+00 -1.604239985029636717e+00 -5.124061442560770563e-02 -5.124061442560770563e-02 -5.124061442560770563e-02 -5.124061442560770563e-02 -5.124061442560770563e-02 -5.124061442560770563e-02 -5.124061442560770563e-02 -5.124061442560770563e-02 -5.124061442560770563e-02 -5.124061442560770563e-02 -5.124061442560770563e-02 -5.124061442560770563e-02 -5.124061442560770563e-02 -5.124061442560770563e-02 -5.124061442560770563e-02
-1.240624939687391404e+00 -7.631399548724016046e-01 -7.631399548724016046e-01 -7.631399548724016046e-01 -7.631399548724016046e-01 -7.427242095588391935e-02 1.218401172085354478e+00 1.218401172085354478e+00 1.218401172085354478e+00 1.218401172085354478e+00 1.218401172085354478e+00 1.218401172085354478e+00 1.218401172085354478e+00 1.218401172085354478e+00 1.218401172085354478e+00 1.218401172085354478e+00 1.768523671466956770e+00 1.768523671466956770e+00 1.768523671466956770e+00 2.093994018008426217e+00
-4.417572025098884581e+00 -4.417572025098884581e+00 -4.417572025098884581e+00 -2.427632631433312760e+00 -2.427632631433312760e+00 -2.427632631433312760e+00 -1.100506069229057804e+00 -9.944796382390463929e-01 6.963028980984462546e-01 6.963028980984462546e-01 6.963028980984462546e-01 1.933582996533642628e+00 1.933582996533642628e+00 2.015106530901403126e+00 2.218546023213882279e+00 2.218546023213882279e+00 2.381721298582902602e+00 4.120217766000237702e+00 4.120380071438857428e+00 4.120380071438857428e+00
2.166261353819839641e+00 2.884859722810860116e+00 2.884859722810860116e+00 4.952916021845295447e+00 4.952916021845295447e+00 4.952916021845295447e+00 4.952916021845295447e+00 4.952916021845295447e+00 4.952916021845295447e+00 4.952916021845295447e+00 4.952916021845295447e+00 4.952916021845295447e+00 4.954374603967385049e+00 4.954374603967385049e+00 4.954374603967385049e+00 4.954374603967385049e+00 4.954374603967385049e+00 4.954374603967385049e+00 4.954374603967385049e+00 4.954374603967385049e+00
-6.183566384711562947e+00 -6.183566384711562947e+00 -6.183566384711562947e+00 -6.183566384711562947e+00 -6.183566384711562947e+00 1.070511202364896386e+00 1.070511202364896386e+00 1.070511202364896386e+00 1.070511202364896386e+00 1.070511202364896386e+00 1.070511202364896386e+00 1.070511202364896386e+00 1.070511202364896386e+00 1.070511202364896386e+00 1.070511202364896386e+00 1.070511202364896386e+00 1.070511202364896386e+00 1.070511202364896386e+00 1.070511202364896386e+00 1.070511202364896386e+00
-6.884831478986920272e-01 -6.884831478986920272e-01 -6.884831478986920272e-01 -5.522674909884655037e-01 -1.143818491183672403e-01 -1.143818491183672403e-01 -1.143818491183672403e-01 -1.143818491183672403e-01 -1.143818491183672403e-01 -1.143818491183672403e-01 -1.143818491183672403e-01 2.700636738895934030e-02 2.700636738895934030e-02 2.700636738895934030e-02 2.700636738895934030e-02 2.700636738895934030e-02 1.044342137968521378e-01 1.044342137968521378e-01 4.619033043414374484e-01 4.619033043414374484e-01
-3.728521839340314781e+00 -3.728521839340314781e+00 -3.397541751790476905e+00 -3.245212205772133984e+00 -3.245212205772133984e+00 -3.245212205772133984e+00 -3.245212205772133984e+00 -3.245212205772133984e+00 -3.245212205772133984e+00 -3.245212205772133984e+00 -3.245212205772133984e+00 -3.225473832152110809e+00 -2.014558189275549083e+00 -2.014558189275549083e+00 -2.014558189275549083e+00 -2.014558189275549083e+00 -3.321076626800522624e-01 -3.321076626800522624e-01 -3.321076626800522624e-01 -3.321076626800522624e-01
1.555259636901998199e+00 1.602937352704108864e+00 1.602937352704108864e+00 2.648617682831033271e+00 2.696585719220427002e+00 2.696585719220427002e+00 2.701944659639501367e+00 2.897855197806996408e+00 2.897855197806996408e+00 2.897855197806996408e+00 2.897855197806996408e+00 2.897855197806996408e+00 2.897855197806996408e+00 3.278173401449190560e+00 3.278173401449190560e+00 3.376416028420877069e+00 3.376416028420877069e+00 3.376416028420877069e+00 3.778804481492621381e+00 3.778804481492621381e+00
-5.221316474334394275e-01 -5.221316474334394275e-01 -5.221316474334394275e-01 -5.221316474334394275e-01 -5.221316474334394275e-01 -5.221316474334394275e-01 -5.221316474334394275e-01 -5.221316474334394275e-01 -5.221316474334394275e-01 -5.221316474334394275e-01 9.703997545533407099e-01 1.946924922669264646e+00 1.946924922669264646e+00 3.236956454372950986e+00 3.340182779804619528e+00 3.340182779804619528e+00 3.612827323024420334e+00 3.612827323024420334e+00 3.620162761512859539e+00 3.623669114730816876e+00
1.582303434491703298e+00 1.584231692746585818e+00 1.584231692746585818e+00 1.584231692746585818e+00 1.876105789694088699e+00 1.876105789694088699e+00 2.372357528532710980e+00 2.768363221777077054e+00 3.082381676808358506e+00 3.082381676808358506e+00 3.082381676808358506e+00 3.082381676808358506e+00 3.082381676808358506e+00 3.082381676808358506e+00 3.082381676808358506e+00 3.082381676808358506e+00 3.082381676808358506e+00 3.082381676808358506e+00 3.082381676808358506e+00 3.082381676808358506e+00
-1.735138405901915259e+00 -1.735138405901915259e+00 -4.391709728969038773e-01 -4.391709728969038773e-01 -4.391709728969038773e-01 -4.391709728969038773e-01 -4.391709728969038773e-01 -4.391709728969038773e-01 -4.391709728969038773e-01 -4.391709728969038773e-01 -4.058482580359171754e-01 -3.859302786729393309e-01 -3.859302786729393309e-01 -3.859302786729393309e-01 -3.859302786729393309e-01 -3.859302786729393309e-01 -3.859302786729393309e-01 -3.859302786729393309e-01 -3.859302786729393309e-01 -3.859302786729393309e-01
2.410999470921522114e+00 2.410999470921522114e+00 2.410999470921522114e+00 2.841395627570439064e+00 2.841395627570439064e+00 3.168506302847973632e+00 3.634844867988549666e+00 3.634844867988549666e+00 3.634844867988549666e+00 3.634844867988549666e+00 3.887616254790321690e+00 3.887616254790321690e+00 3.887616254790321690e+00 3.887616254790321690e+00 3.887616254790321690e+00 3.887616254790321690e+00 5.401258864295710005e+00 5.401258864295710005e+00 5.401258864295710005e+00 5.401258864295710005e+00
-4.568903966196861788e+00 -4.483485150111678585e+00 -3.261496186107371908e+00 -3.261496186107371908e+00 -2.579588777697843227e+00 -2.579588777697843227e+00 -2.579588777697843227e+00 -2.579588777697843227e+00 -2.579588777697843227e+00 -2.579588777697843227e+00 -2.579588777697843227e+00 -2.579588777697843227e+00 -2.579588777697843227e+00 -2.579588777697843227e+00 2.179026776273200738e+00 2.179026776273200738e+00 2.179026776273200738e+00 3.297850149408315001e+00 3.297850149408315001e+00 3.297850149408315001e+00
6.897251827336140506e-01 2.133203439330351614e+00 2.133203439330351614e+00 2.133203439330351614e+00 2.133203439330351614e+00 2.133203439330351614e+00 2.133203439330351614e+00 2.133203439330351614e+00 2.133203439330351614e+00 2.133203439330351614e+00 2.133203439330351614e+00 2.133203439330351614e+00 3.152341534346819518e+00 3.390885473161498354e+00 3.734806385178952137e+00 3.734806385178952137e+00 3.734806385178952137e+00 3.734806385178952137e+00 3.734806385178952137e+00 3.734806385178952137e+00
1.916256537613221234e+00 1.916256537613221234e+00 1.916256537613221234e+00 1.916256537613221234e+00 2.186411339164233247e+00 2.186411339164233247e+00 2.186411339164233247e+00 2.186411339164233247e+00 2.334924653062378841e+00 2.733146703477653539e+00 2.733146703477653539e+00 2.733146703477653539e+00 2.733146703477653539e+00 3.799147498212792406e+00 3.799147498212792406e+00 3.799147498212792406e+00 3.799147498212792406e+00 3.799147498212792406e+00 3.799147498212792406e+00 3.799147498212792406e+00
1.000430117137930619e+00 1.000430117137930619e+00 2.052867615063225237e+00 2.052867615063225237e+00 2.052867615063225237e+00 2.052867615063225237e+00 2.052867615063225237e+00 2.077694790591777085e+00 2.077694790591777085e+00 2.077694790591777085e+00 2.077694790591777085e+00 2.077694790591777085e+00 2.077694790591777085e+00 2.077694790591777085e+00 2.077694790591777085e+00 2.077694790591777085e+00 2.089384831835324974e+00 2.089384831835324974e+00 2.089384831835324974e+00 2.089384831835324974e+00
-6.360893712385318643e+00 -6.360893712385318643e+00 -4.495824274729326220e+00 -4.495824274729326220e+00 -4.495824274729326220e+00 -4.495824274729326220e+00 -4.495824274729326220e+00 -4.495824274729326220e+00 -4.495824274729326220e+00 -4.495824274729326220e+00 -4.495824274729326220e+00 -4.495824274729326220e+00 -4.495824274729326220e+00 -4.495824274729326220e+00 -3.597477805102993198e+00 -2.935253753881064132e+00 -2.854626637981323434e-01 -2.854626637981323434e-01 -2.854626637981323434e-01 -1.350371250385756783e-01
3.773942130229413383e+00 3.773942130229413383e+00 3.773942130229413383e+00 3.773942130229413383e+00 3.773942130229413383e+00 3.773942130229413383e+00 3.773942130229413383e+00 3.820259005867140623e+00 3.820259005867140623e+00 3.820259005867140623e+00 3.820259005867140623e+00 3.820259005867140623e+00 3.820259005867140623e+00 3.820259005867140623e+00 3.820259005867140623e+00 3.820259005867140623e+00 3.820259005867140623e+00 3.820259005867140623e+00 3.820259005867140623e+00 3.820259005867140623e+00
3.021024086706570522e+00 3.021024086706570522e+00 3.021024086706570522e+00 3.021024086706570522e+00 3.995444778047433587e+00 3.995444778047433587e+00 3.995444778047433587e+00 3.995444778047433587e+00 3.995444778047433587e+00 3.995444778047433587e+00 3.995444778047433587e+00 3.995444778047433587e+00 3.995444778047433587e+00 3.995444778047433587e+00 3.995444778047433587e+00 4.583847818264540130e+00 4.583847818264540130e+00 4.583847818264540130e+00 4.583847818264540130e+00 4.583847818264540130e+00
3.328550532524467531e+00 3.328550532524467531e+00 3.328550532524467531e+00 3.328550532524467531e+00 3.328550532524467531e+00 3.328550532524467531e+00 3.328550532524467531e+00 3.328550532524467531e+00 3.328550532524467531e+00 3.328550532524467531e+00 3.328550532524467531e+00 3.848016833901724443e+00 3.848016833901724443e+00 3.848016833901724443e+00 3.848016833901724443e+00 3.848016833901724443e+00 3.848016833901724443e+00 3.848016833901724443e+00 3.848016833901724443e+00 3.848016833901724443e+00
9.200311725494736415e-01 9.200311725494736415e-01 1.088377170380966152e+00 1.088377170380966152e+00 1.088377170380966152e+00 1.171959936788017798e+00 2.335900962938332270e+00 2.335900962938332270e+00 2.719708618740199313e+00 2.719708618740199313e+00 2.719708618740199313e+00 2.719708618740199313e+00 2.719708618740199313e+00 2.719708618740199313e+00 2.719708618740199313e+00 2.719708618740199313e+00 2.719708618740199313e+00 2.719708618740199313e+00 2.719708618740199313e+00 2.719708618740199313e+00
6.541032025838133812e-02 1.959701153078050595e-01 3.058738583701089975e-01 3.058738583701089975e-01 3.590633173577552073e-01 6.431330399692618549e-01 6.898383589574078600e-01 6.898383589574078600e-01 1.690724862523791616e+00 2.029474235593126341e+00 2.029474235593126341e+00 2.029474235593126341e+00 2.029474235593126341e+00 2.029474235593126341e+00 2.029474235593126341e+00 2.029474235593126341e+00 2.029474235593126341e+00 2.029474235593126341e+00 2.029474235593126341e+00 2.029474235593126341e+00
-6.331600999775884198e+00 -6.290276290747759624e+00 -4.780151110497006250e+00 -4.085787377879948501e+00 -4.085787377879948501e+00 9.365732113749576371e-01 1.284295265501503192e+00 1.284295265501503192e+00 1.678912779209839723e+00 1.678912779209839723e+00 1.678912779209839723e+00 1.678912779209839723e+00 1.678912779209839723e+00 1.678912779209839723e+00 1.678912779209839723e+00 1.678912779209839723e+00 1.678912779209839723e+00 1.678912779209839723e+00 1.678912779209839723e+00 1.678912779209839723e+00
-2.840009267445704477e+00 -1.493524283903083116e+00 -1.493524283903083116e+00 -1.493524283903083116e+00 -1.493524283903083116e+00 -7.633880173787808143e-01 -7.633880173787808143e-01 -7.633880173787808143e-01 1.195374245004910074e+00 1.195374245004910074e+00 1.812568115671363334e+00 2.579595073255676052e+00 2.579595073255676052e+00 2.579595073255676052e+00 2.579595073255676052e+00 2.579595073255676052e+00 2.579595073255676052e+00 2.579595073255676052e+00 2.579595073255676052e+00 2.579595073255676052e+00
2.224332054304151818e+00 2.585426555810183658e+00 2.585426555810183658e+00 3.205857880059012732e+00 3.205857880059012732e+00 3.205857880059012732e+00 3.205857880059012732e+00 3.205857880059012732e+00 4.254302968013099040e+00 4.254302968013099040e+00 4.254302968013099040e+00 4.254302968013099040e+00 4.254302968013099040e+00 4.254302968013099040e+00 4.254302968013099040e+00 4.254302968013099040e+00 4.254302968013099040e+00 4.254302968013099040e+00 4.254302968013099040e+00 4.254302968013099040e+00
-1.202466371986781635e+00 -1.202466371986781635e+00 -1.202466371986781635e+00 -1.202466371986781635e+00 -1.202466371986781635e+00 -1.202466371986781635e+00 -1.202466371986781635e+00 -1.202466371986781635e+00 -1.088740598384081881e+00 -5.481361001792326437e-01 3.240800922340839607e-01 1.956617658108403823e+00 2.130728250100449195e+00 2.130728250100449195e+00 2.130728250100449195e+00 2.130728250100449195e+00 2.762796317354260456e+00 2.762796317354260456e+00 2.762796317354260456e+00 2.762796317354260456e+00
5.144798752222226490e+00 5.144798752222226490e+00 5.144798752222226490e+00 5.144798752222226490e+00 5.144798752222226490e+00 5.144798752222226490e+00 5.144798752222226490e+00 5.144798752222226490e+00 5.144798752222226490e+00 5.144798752222226490e+00 5.144798752222226490e+00 5.144798752222226490e+00 5.144798752222226490e+00 5.144798752222226490e+00 5.144798752222226490e+00 5.144798752222226490e+00 5.144798752222226490e+00 5.144798752222226490e+00 5.144798752222226490e+00 5.144798752222226490e+00
1.114191382669188490e+00 1.114191382669188490e+00 2.147883426186597333e+00 2.147883426186597333e+00 2.147883426186597333e+00 2.147883426186597333e+00 2.147883426186597333e+00 2.147883426186597333e+00 3.232837141436212480e+00 3.232837141436212480e+00 3.232837141436212480e+00 3.232837141436212480e+00 3.232837141436212480e+00 3.232837141436212480e+00 3.232837141436212480e+00 3.232837141436212480e+00 3.232837141436212480e+00 3.232837141436212480e+00 3.232837141436212480e+00 3.232837141436212480e+00
-1.816865647460671751e-01 -1.816865647460671751e-01 -1.816865647460671751e-01 -1.816865647460671751e-01 -1.091185089400770886e-01 -1.091185089400770886e-01 -1.091185089400770886e-01 -1.091185089400770886e-01 -1.091185089400770886e-01 1.003686056436427831e+00 1.003686056436427831e+00 1.003686056436427831e+00 1.007886095943154814e+00 1.007886095943154814e+00 1.007886095943154814e+00 1.007886095943154814e+00 1.035669092032089456e+00 1.035669092032089456e+00 1.035669092032089456e+00 1.035669092032089456e+00
-2.917301988176128180e+00 -1.066323038735968343e+00 -1.066323038735968343e+00 -1.066323038735968343e+00 -1.066323038735968343e+00 -1.066323038735968343e+00 -9.524134099626855310e-01 -9.524134099626855310e-01 -9.524134099626855310e-01 -6.522436986219076749e-01 -6.522436986219076749e-01 -6.522436986219076749e-01 -6.522436986219076749e-01 -6.522436986219076749e-01 -6.522436986219076749e-01 -2.212089647163315576e-01 -2.212089647163315576e-01 -2.212089647163315576e-01 -2.212089647163315576e-01 -2.212089647163315576e-01
1.312258968836061523e+00 1.312258968836061523e+00 1.312258968836061523e+00 1.514895922872102840e+00 1.533281349064450128e+00 1.561068135313917971e+00 2.045309821815036067e+00 3.176569406677252516e+00 3.176569406677252516e+00 3.176569406677252516e+00 3.176569406677252516e+00 3.176569406677252516e+00 3.176569406677252516e+00 3.176569406677252516e+00 3.176569406677252516e+00 3.176569406677252516e+00 3.220322152797604698e+00 3.220322152797604698e+00 3.220322152797604698e+00 3.220322152797604698e+00
-1.083323705907824674e+00 -1.083323705907824674e+00 -1.083323705907824674e+00 1.719302246098162623e+00 1.719302246098162623e+00 4.305299616853322853e+00 4.305299616853322853e+00 4.305299616853322853e+00 4.305299616853322853e+00 4.305299616853322853e+00 4.305299616853322853e+00 4.305299616853322853e+00 4.305299616853322853e+00 4.305299616853322853e+00 4.305299616853322853e+00 4.305299616853322853e+00 4.305299616853322853e+00 4.305299616853322853e+00 4.305299616853322853e+00 4.305299616853322853e+00
-1.243577589804834016e+00 -6.714953316847011022e-01 -6.714953316847011022e-01 -6.714953316847011022e-01 -6.714953316847011022e-01 -3.042209345502551177e-01 -3.042209345502551177e-01 -3.042209345502551177e-01 -3.042209345502551177e-01 4.974806904672302021e-01 6.221097675422448958e-01 6.221097675422448958e-01 1.202411728348219189e+00 1.457621633158848518e+00 1.457621633158848518e+00 1.457621633158848518e+00 1.457621633158848518e+00 1.457621633158848518e+00 1.499202717310773370e+00 1.499202717310773370e+00
2.014142371617715810e+00 2.014142371617715810e+00 2.014142371617715810e+00 3.703442328580222043e+00 3.703442328580222043e+00 3.703442328580222043e+00 3.703442328580222043e+00 3.703442328580222043e+00 3.703442328580222043e+00 3.703442328580222043e+00 3.703442328580222043e+00 3.703442328580222043e+00 3.703442328580222043e+00 3.703442328580222043e+00 3.703442328580222043e+00 3.703442328580222043e+00 3.703442328580222043e+00 3.703442328580222043e+00 3.703442328580222043e+00 3.703442328580222043e+00
5.634066894412372850e-01 1.747111594699285231e+00 2.517930648742638056e+00 2.517930648742638056e+00 2.577187099572066487e+00 2.577187099572066487e+00 2.577187099572066487e+00 4.171295749826634314e+00 4.171295749826634314e+00 4.171295749826634314e+00 4.171295749826634314e+00 4.695808503324077066e+00 4.695808503324077066e+00 4.695808503324077066e+00 4.695808503324077066e+00 4.695808503324077066e+00 4.695808503324077066e+00 4.695808503324077066e+00 4.695808503324077066e+00 4.695808503324077066e+00
2.006954250178095478e+00 2.123970639958342232e+00 2.877011225082416690e+00 2.877011225082416690e+00 3.835627150576266686e+00 3.835627150576266686e+00 3.835627150576266686e+00 3.835627150576266686e+00 3.835627150576266686e+00 3.835627150576266686e+00 3.835627150576266686e+00 3.835627150576266686e+00 3.835627150576266686e+00 3.835627150576266686e+00 3.835627150576266686e+00 3.835627150576266686e+00 3.835627150576266686e+00 3.835627150576266686e+00 3.835627150576266686e+00 3.835627150576266686e+00
1.638599416599710867e+00 1.638599416599710867e+00 1.638599416599710867e+00 1.638599416599710867e+00 1.638599416599710867e+00 2.144877076346919598e+00 2.144877076346919598e+00 2.144877076346919598e+00 2.150337418008674728e+00 2.505497087219013874e+00 2.642241345609333880e+00 2.642241345609333880e+00 2.642241345609333880e+00 2.642241345609333880e+00 2.642241345609333880e+00 2.642241345609333880e+00 2.642241345609333880e+00 2.642241345609333880e+00 2.642241345609333880e+00 2.642241345609333880e+00
-2.042221491059212024e+00 -2.042221491059212024e+00 -1.995499316552165725e+00 -1.021460304368570604e+00 -1.021460304368570604e+00 -1.021460304368570604e+00 -1.021460304368570604e+00 -3.757876768345380647e-01 -3.757876768345380647e-01 -3.757876768345380647e-01 -3.757876768345380647e-01 -3.757876768345380647e-01 -3.757876768345380647e-01 2.627511569502319344e-01 2.627511569502319344e-01 2.578381590448995286e+00 2.578381590448995286e+00 2.578381590448995286e+00 2.578381590448995286e+00 2.578381590448995286e+00
