2.208264075948109806e+00 2.208264075948109806e+00 2.208264075948109806e+00 2.208264075948109806e+00 2.208264075948109806e+00 2.208264075948109806e+00 2.208264075948109806e+00 2.477140763603042473e+00 2.477140763603042473e+00 2.477140763603042473e+00 2.477140763603042473e+00 2.477140763603042473e+00 2.477140763603042473e+00 2.477140763603042473e+00 2.477140763603042473e+00 2.477140763603042473e+00 2.477140763603042473e+00 2.477140763603042473e+00 2.477140763603042473e+00 2.477140763603042473e+00
-2.873154235725062122e+00 -1.928508349871382421e+00 -1.928508349871382421e+00 -1.928508349871382421e+00 -1.928508349871382421e+00 -1.928508349871382421e+00 4.206033907050478748e-01 4.206033907050478748e-01 5.477223748119242064e-01 5.477223748119242064e-01 5.477223748119242064e-01 5.477223748119242064e-01 3.508735820159102570e+00 3.508735820159102570e+00 3.508735820159102570e+00 3.508735820159102570e+00 3.508735820159102570e+00 3.508735820159102570e+00 3.508735820159102570e+00 3.508735820159102570e+00
-6.758442143233972743e+00 -6.758442143233972743e+00 -4.834434845761818034e-01 -4.834434845761818034e-01 -4.834434845761818034e-01 -3.318559627967292980e-01 -3.318559627967292980e-01 -3.318559627967292980e-01 9.049532807775373389e-02 9.049532807775373389e-02 9.049532807775373389e-02 9.049532807775373389e-02 6.239340966159259150e-01 6.239340966159259150e-01 6.239340966159259150e-01 6.239340966159259150e-01 6.239340966159259150e-01 6.239340966159259150e-01 6.239340966159259150e-01 6.239340966159259150e-01
-3.018087722405155660e+00 6.114677264915354682e-01 6.114677264915354682e-01 1.020823088507368581e+00 1.020823088507368581e+00 1.167706844019419155e+00 1.167706844019419155e+00 1.553172001467874264e+00 1.553172001467874264e+00 1.553172001467874264e+00 1.553172001467874264e+00 1.553172001467874264e+00 1.553172001467874264e+00 1.553172001467874264e+00 1.553172001467874264e+00 1.553172001467874264e+00 1.553172001467874264e+00 1.553172001467874264e+00 1.553172001467874264e+00 1.553172001467874264e+00
-1.162820359652596336e+00 4.334207681299158399e-02 1.186554569758849764e+00 1.186554569758849764e+00 1.186554569758849764e+00 1.186554569758849764e+00 1.186554569758849764e+00 1.186554569758849764e+00 1.186554569758849764e+00 1.186554569758849764e+00 1.186554569758849764e+00 1.186554569758849764e+00 1.186554569758849764e+00 1.186554569758849764e+00 1.186554569758849764e+00 1.186554569758849764e+00 1.186554569758849764e+00 1.186554569758849764e+00 1.186554569758849764e+00 1.186554569758849764e+00
1.849335392101070674e+00 1.849335392101070674e+00 1.849335392101070674e+00 1.849335392101070674e+00 1.849335392101070674e+00 2.797346132394738394e+00 3.114239882912822388e+00 3.114239882912822388e+00 3.379780298326637400e+00 3.379780298326637400e+00 3.491412780524062232e+00 3.756947284698668454e+00 3.756947284698668454e+00 3.756947284698668454e+00 3.914739300695816659e+00 3.914739300695816659e+00 3.914739300695816659e+00 3.914739300695816659e+00 3.914739300695816659e+00 4.137444008960607711e+00
1.976290881636752150e+00 2.152131585850410200e+00 2.152131585850410200e+00 2.152131585850410200e+00 2.152131585850410200e+00 2.835072519539877600e+00 2.835072519539877600e+00 2.835072519539877600e+00 2.835072519539877600e+00 2.835072519539877600e+00 2.835072519539877600e+00 2.835072519539877600e+00 2.835072519539877600e+00 3.460561931785453460e+00 3.670885392994144070e+00 3.670885392994144070e+00 3.670885392994144070e+00 3.670885392994144070e+00 3.670885392994144070e+00 3.670885392994144070e+00
2.884993642662072588e+00 3.382066661173696698e+00 3.382066661173696698e+00 3.382066661173696698e+00 3.382066661173696698e+00 3.382066661173696698e+00 3.382066661173696698e+00 3.382066661173696698e+00 3.382066661173696698e+00 3.382066661173696698e+00 3.382066661173696698e+00 3.382066661173696698e+00 3.382066661173696698e+00 3.382066661173696698e+00 3.382066661173696698e+00 3.382066661173696698e+00 3.382066661173696698e+00 3.382066661173696698e+00 3.382066661173696698e+00 3.382066661173696698e+00
-2.442095486972165830e+00 7.014171165273241915e-01 7.014171165273241915e-01 7.014171165273241915e-01 7.014171165273241915e-01 7.014171165273241915e-01 7.014171165273241915e-01 7.014171165273241915e-01 9.470066768590634787e-01 1.073600423083338473e+00 1.073600423083338473e+00 1.482374976276946921e+00 1.482374976276946921e+00 1.482374976276946921e+00 1.482374976276946921e+00 1.482374976276946921e+00 2.815256210608101384e+00 2.815256210608101384e+00 2.815256210608101384e+00 2.815256210608101384e+00
4.206050116204488321e-01 4.206050116204488321e-01 4.206050116204488321e-01 4.206050116204488321e-01 4.206050116204488321e-01 4.206050116204488321e-01 5.724303070774935387e-01 5.724303070774935387e-01 5.724303070774935387e-01 9.964374329394143359e-01 1.860166641411569621e+00 1.860166641411569621e+00 1.860166641411569621e+00 2.008805016236908436e+00 2.008805016236908436e+00 2.008805016236908436e+00 2.008805016236908436e+00 2.008805016236908436e+00 2.008805016236908436e+00 2.008805016236908436e+00
1.196869435282715610e+00 1.584706180721127566e+00 2.738142125894179824e+00 3.643391640098525563e+00 3.817752942944025119e+00 3.817752942944025119e+00 3.817752942944025119e+00 3.817752942944025119e+00 3.817752942944025119e+00 3.891879030958309560e+00 3.891879030958309560e+00 3.891879030958309560e+00 3.891879030958309560e+00 3.891879030958309560e+00 3.891879030958309560e+00 3.891879030958309560e+00 3.891879030958309560e+00 3.891879030958309560e+00 3.891879030958309560e+00 3.891879030958309560e+00
1.776205725964996596e-02 1.776205725964996596e-02 1.776205725964996596e-02 1.776205725964996596e-02 4.661175421349750825e-01 4.661175421349750825e-01 4.661175421349750825e-01 4.661175421349750825e-01 7.401291329811248154e-01 7.829570402257581829e-01 7.829570402257581829e-01 7.829570402257581829e-01 7.829570402257581829e-01 9.606535182067499345e-01 9.606535182067499345e-01 9.606535182067499345e-01 9.606535182067499345e-01 9.606535182067499345e-01 9.606535182067499345e-01 9.606535182067499345e-01
-3.796935686519071762e+00 -1.856716837704554202e+00 1.145548324272699148e+00 1.145548324272699148e+00 1.145548324272699148e+00 1.977488605646247510e+00 1.977488605646247510e+00 1.977488605646247510e+00 1.977488605646247510e+00 1.977488605646247510e+00 1.977488605646247510e+00 1.977488605646247510e+00 1.977488605646247510e+00 2.390715771089355624e+00 2.390715771089355624e+00 2.390715771089355624e+00 2.390715771089355624e+00 2.390715771089355624e+00 2.390715771089355624e+00 2.390715771089355624e+00
2.047247466288850681e+00 2.323615320210925539e+00 2.323615320210925539e+00 3.251185152643231824e+00 3.475496028273872273e+00 3.475496028273872273e+00 3.681777007552111236e+00 3.681777007552111236e+00 3.681777007552111236e+00 3.681777007552111236e+00 3.681777007552111236e+00 3.681777007552111236e+00 3.681777007552111236e+00 3.681777007552111236e+00 3.681777007552111236e+00 3.681777007552111236e+00 3.681777007552111236e+00 3.681777007552111236e+00 3.681777007552111236e+00 3.681777007552111236e+00
-1.814026242570661918e+00 -1.814026242570661918e+00 -1.814026242570661918e+00 -1.395209719596528508e+00 -1.395209719596528508e+00 -1.395209719596528508e+00 -8.795846622988082730e-01 -2.705171755806770051e-01 6.048052712913484785e-02 6.048052712913484785e-02 2.476355577350623782e-01 2.476355577350623782e-01 5.635360769345035825e-01 5.635360769345035825e-01 5.635360769345035825e-01 5.635360769345035825e-01 5.635360769345035825e-01 7.991291475400219557e-01 7.991291475400219557e-01 7.991291475400219557e-01
2.416063763494918692e+00 2.731275889398426138e+00 4.205215829099968161e+00 4.205215829099968161e+00 4.205215829099968161e+00 4.205215829099968161e+00 4.205215829099968161e+00 4.205215829099968161e+00 4.205215829099968161e+00 4.205215829099968161e+00 4.205215829099968161e+00 5.310840124180336908e+00 5.310840124180336908e+00 5.310840124180336908e+00 5.310840124180336908e+00 5.310840124180336908e+00 5.310840124180336908e+00 5.310840124180336908e+00 5.310840124180336908e+00 5.310840124180336908e+00
4.417495581265969307e+00 4.417495581265969307e+00 4.417495581265969307e+00 4.417495581265969307e+00 4.417495581265969307e+00 4.417495581265969307e+00 4.417495581265969307e+00 4.417495581265969307e+00 4.417495581265969307e+00 4.417495581265969307e+00 4.417495581265969307e+00 4.417495581265969307e+00 4.417495581265969307e+00 4.417495581265969307e+00 4.417495581265969307e+00 4.417495581265969307e+00 4.417495581265969307e+00 4.417495581265969307e+00 4.417495581265969307e+00 4.417495581265969307e+00
2.995349289970751894e+00 2.995349289970751894e+00 2.995349289970751894e+00 2.995349289970751894e+00 2.995349289970751894e+00 2.995349289970751894e+00 2.995349289970751894e+00 2.995349289970751894e+00 3.685075769771895882e+00 3.743924456662831357e+00 3.743924456662831357e+00 3.743924456662831357e+00 4.140703796303450979e+00 4.140703796303450979e+00 4.140703796303450979e+00 4.140703796303450979e+00 4.140703796303450979e+00 4.140703796303450979e+00 4.140703796303450979e+00 4.140703796303450979e+00
-1.240011288217934826e-02 -1.240011288217934826e-02 3.445892624934978055e-01 5.002400834806947083e-01 5.002400834806947083e-01 6.914663185711710236e-01 1.074778638781741957e+00 1.074778638781741957e+00 2.176055682733253782e+00 2.176055682733253782e+00 2.176055682733253782e+00 2.176055682733253782e+00 2.176055682733253782e+00 2.176055682733253782e+00 2.176055682733253782e+00 2.176055682733253782e+00 2.176055682733253782e+00 2.176055682733253782e+00 2.176055682733253782e+00 2.176055682733253782e+00
8.274758342471768557e-01 8.274758342471768557e-01 8.274758342471768557e-01 2.121122378201000469e+00 2.121122378201000469e+00 2.121122378201000469e+00 2.121122378201000469e+00 2.121122378201000469e+00 2.121122378201000469e+00 2.121122378201000469e+00 2.121122378201000469e+00 2.121122378201000469e+00 2.121122378201000469e+00 2.121122378201000469e+00 2.121122378201000469e+00 2.121122378201000469e+00 2.121122378201000469e+00 4.694896903795975796e+00 6.360601055634175438e+00 6.360601055634175438e+00
3.106992511793010170e+00 3.106992511793010170e+00 3.106992511793010170e+00 3.272264816877246574e+00 3.272264816877246574e+00 3.272264816877246574e+00 3.272264816877246574e+00 3.272264816877246574e+00 3.416500541915654221e+00 3.416500541915654221e+00 3.416500541915654221e+00 3.416500541915654221e+00 3.416500541915654221e+00 3.416500541915654221e+00 3.416500541915654221e+00 3.416500541915654221e+00 3.416500541915654221e+00 3.416500541915654221e+00 3.416500541915654221e+00 3.970817544673359567e+00
2.074692441036866786e+00 2.074692441036866786e+00 2.074692441036866786e+00 2.074692441036866786e+00 2.074692441036866786e+00 2.074692441036866786e+00 2.074692441036866786e+00 2.074692441036866786e+00 2.074692441036866786e+00 2.074692441036866786e+00 2.074692441036866786e+00 2.074692441036866786e+00 2.074692441036866786e+00 2.074692441036866786e+00 2.074692441036866786e+00 2.074692441036866786e+00 2.074692441036866786e+00 2.074692441036866786e+00 2.074692441036866786e+00 2.074692441036866786e+00
-1.453585515747751189e-01 -1.453585515747751189e-01 5.434243210774993837e-01 5.434243210774993837e-01 5.434243210774993837e-01 5.434243210774993837e-01 5.434243210774993837e-01 5.434243210774993837e-01 5.434243210774993837e-01 5.434243210774993837e-01 5.434243210774993837e-01 7.726423802882893543e-01 7.726423802882893543e-01 7.726423802882893543e-01 7.726423802882893543e-01 1.876070031880582079e+00 1.876070031880582079e+00 1.876070031880582079e+00 2.017219136729774043e+00 2.017219136729774043e+00
-1.385091420089506364e+00 -3.656291479662365784e-01 -3.656291479662365784e-01 4.389075462837654373e-01 4.389075462837654373e-01 4.389075462837654373e-01 4.389075462837654373e-01 1.925747725193101667e+00 2.514900210938603831e+00 2.869852195906272829e+00 2.869852195906272829e+00 2.869852195906272829e+00 2.869852195906272829e+00 2.869852195906272829e+00 2.869852195906272829e+00 2.869852195906272829e+00 2.869852195906272829e+00 2.869852195906272829e+00 2.899839321879429832e+00 2.899839321879429832e+00
3.219192394254539735e+00 3.219192394254539735e+00 3.610732236270002282e+00 3.721939863023651096e+00 4.083853213764256473e+00 4.083853213764256473e+00 5.444079573234185787e+00 5.444079573234185787e+00 5.444079573234185787e+00 5.444079573234185787e+00 5.444079573234185787e+00 5.444079573234185787e+00 5.444079573234185787e+00 5.444079573234185787e+00 5.444079573234185787e+00 5.444079573234185787e+00 5.444079573234185787e+00 5.444079573234185787e+00 5.444079573234185787e+00 5.444079573234185787e+00
-6.906676447056595336e+00 -6.906676447056595336e+00 -6.906676447056595336e+00 -5.710626359281127939e+00 -5.710626359281127939e+00 -5.710626359281127939e+00 -2.249959420608862892e+00 1.973732745976261027e+00 2.172046233083623434e+00 2.172046233083623434e+00 2.240112390739837256e+00 2.240112390739837256e+00 3.812792338131167025e+00 3.812792338131167025e+00 3.812792338131167025e+00 3.812792338131167025e+00 3.812792338131167025e+00 3.812792338131167025e+00 3.812792338131167025e+00 3.812792338131167025e+00
-2.117545633934152516e+00 -2.117545633934152516e+00 -2.117545633934152516e+00 -2.117545633934152516e+00 -2.117545633934152516e+00 -2.117545633934152516e+00 -2.117545633934152516e+00 -2.117545633934152516e+00 -2.117545633934152516e+00 3.171691209270233180e-02 3.171691209270233180e-02 6.111989356598513945e-01 2.096274967998960737e+00 2.096274967998960737e+00 2.096274967998960737e+00 2.096274967998960737e+00 2.651801242948522486e+00 2.651801242948522486e+00 2.651801242948522486e+00 2.651801242948522486e+00
-4.484108873265256534e+00 -2.488128684876564023e+00 -2.488128684876564023e+00 -2.488128684876564023e+00 -2.488128684876564023e+00 -1.545504945911685413e+00 -1.545504945911685413e+00 -1.545504945911685413e+00 -1.545504945911685413e+00 -1.545504945911685413e+00 8.317884653147858964e-01 8.428523669561862608e-01 8.428523669561862608e-01 2.321273237950078006e+00 2.321273237950078006e+00 2.321273237950078006e+00 2.321273237950078006e+00 2.321273237950078006e+00 3.475740306434185189e+00 3.475740306434185189e+00
-1.342388303822287909e+00 -1.342388303822287909e+00 -1.213251122811058957e+00 -1.213251122811058957e+00 -1.019826760232678264e+00 -1.019826760232678264e+00 3.410123498882300375e-02 8.041049380130853574e-01 1.061864221579595924e+00 1.061864221579595924e+00 1.061864221579595924e+00 1.061864221579595924e+00 1.061864221579595924e+00 1.061864221579595924e+00 1.061864221579595924e+00 1.355787612676510268e+00 1.440744160779855232e+00 1.440744160779855232e+00 1.440744160779855232e+00 1.440744160779855232e+00
6.089177536801285706e-01 6.089177536801285706e-01 6.089177536801285706e-01 6.089177536801285706e-01 2.338197714261661453e+00 2.338197714261661453e+00 2.338197714261661453e+00 2.902101115574046819e+00 2.902101115574046819e+00 3.552665828408223536e+00 3.552665828408223536e+00 3.552665828408223536e+00 3.552665828408223536e+00 3.552665828408223536e+00 3.552665828408223536e+00 3.552665828408223536e+00 3.552665828408223536e+00 3.552665828408223536e+00 3.552665828408223536e+00 3.552665828408223536e+00
-1.960638244773685868e+00 -1.960638244773685868e+00 -1.960638244773685868e+00 -1.313991519336528135e+00 -1.313991519336528135e+00 -1.012729660566368928e+00 -9.665122931971947828e-01 -9.665122931971947828e-01 -9.665122931971947828e-01 -8.568778951765667617e-01 -8.568778951765667617e-01 -5.441701844208672867e-01 -5.441701844208672867e-01 2.430023889420755978e-01 6.161023745391044359e-01 6.161023745391044359e-01 6.161023745391044359e-01 7.856953212737470826e-01 7.856953212737470826e-01 7.856953212737470826e-01
1.508549856584522342e-01 9.649426022218888788e-01 2.475138463257787080e+00 3.115261648808059558e+00 3.115261648808059558e+00 3.115261648808059558e+00 4.450629733841403812e+00 4.450629733841403812e+00 4.450629733841403812e+00 4.450629733841403812e+00 4.450629733841403812e+00 4.450629733841403812e+00 4.450629733841403812e+00 4.450629733841403812e+00 4.450629733841403812e+00 4.450629733841403812e+00 4.450629733841403812e+00 4.450629733841403812e+00 4.450629733841403812e+00 4.450629733841403812e+00
-2.355216763442500305e-01 -2.355216763442500305e-01 -2.355216763442500305e-01 -1.927022672836375961e-02 -1.927022672836375961e-02 3.264494515777827122e-02 3.997609498900938085e-01 3.997609498900938085e-01 3.997609498900938085e-01 3.997609498900938085e-01 3.997609498900938085e-01 3.997609498900938085e-01 5.390223329340160241e-01 1.897728167743315542e+00 1.897728167743315542e+00 1.897728167743315542e+00 2.011155544610204071e+00 2.011155544610204071e+00 2.011155544610204071e+00 2.011155544610204071e+00
5.122059094223416764e+00 5.122059094223416764e+00 5.122059094223416764e+00 5.122059094223416764e+00 5.122059094223416764e+00 5.122059094223416764e+00 5.122059094223416764e+00 5.122059094223416764e+00 5.122059094223416764e+00 5.214598268924302005e+00 5.214598268924302005e+00 5.214598268924302005e+00 5.214598268924302005e+00 5.214598268924302005e+00 5.214598268924302005e+00 5.214598268924302005e+00 5.214598268924302005e+00 5.214598268924302005e+00 5.214598268924302005e+00 5.214598268924302005e+00
-1.621724021440271724e+00 -1.621724021440271724e+00 -1.621724021440271724e+00 3.256514118376137912e+00 3.256514118376137912e+00 3.256514118376137912e+00 3.256514118376137912e+00 3.256514118376137912e+00 3.256514118376137912e+00 3.256514118376137912e+00 3.256514118376137912e+00 3.256514118376137912e+00 3.256514118376137912e+00 3.256514118376137912e+00 3.256514118376137912e+00 3.256514118376137912e+00 3.256514118376137912e+00 3.256514118376137912e+00 3.256514118376137912e+00 3.256514118376137912e+00
4.531589108545666988e+00 4.531589108545666988e+00 4.531589108545666988e+00 4.531589108545666988e+00 4.531589108545666988e+00 4.531589108545666988e+00 4.531589108545666988e+00 4.531589108545666988e+00 4.531589108545666988e+00 4.531589108545666988e+00 4.531589108545666988e+00 4.531589108545666988e+00 4.531589108545666988e+00 4.531589108545666988e+00 4.531589108545666988e+00 4.531589108545666988e+00 4.531589108545666988e+00 4.531589108545666988e+00 4.531589108545666988e+00 4.531589108545666988e+00
-5.937062200880319773e-01 -5.937062200880319773e-01 -5.937062200880319773e-01 -5.937062200880319773e-01 -5.937062200880319773e-01 -5.937062200880319773e-01 -5.937062200880319773e-01 -5.937062200880319773e-01 -5.937062200880319773e-01 -5.937062200880319773e-01 -5.937062200880319773e-01 -5.937062200880319773e-01 -5.937062200880319773e-01 -5.937062200880319773e-01 -5.937062200880319773e-01 -5.937062200880319773e-01 -5.937062200880319773e-01 -5.937062200880319773e-01 -5.937062200880319773e-01 -5.937062200880319773e-01
-2.728210719155217401e+00 -2.728210719155217401e+00 -2.469137731897040666e+00 -2.469137731897040666e+00 -2.469137731897040666e+00 -2.469137731897040666e+00 -2.469137731897040666e+00 -1.660201660250225864e+00 1.669916673792272377e+00 1.669916673792272377e+00 1.669916673792272377e+00 1.669916673792272377e+00 1.758881773132860760e+00 1.758881773132860760e+00 1.758881773132860760e+00 1.758881773132860760e+00 1.758881773132860760e+00 1.758881773132860760e+00 1.758881773132860760e+00 2.446482239528196434e+00
1.119641859193511113e+00 1.119641859193511113e+00 1.139834317232811145e+00 4.464520187742067492e+00 4.464520187742067492e+00 4.464520187742067492e+00 4.464520187742067492e+00 4.464520187742067492e+00 4.464520187742067492e+00 4.464520187742067492e+00 4.464520187742067492e+00 4.464520187742067492e+00 4.464520187742067492e+00 4.464520187742067492e+00 4.464520187742067492e+00 4.464520187742067492e+00 4.464520187742067492e+00 4.464520187742067492e+00 4.464520187742067492e+00 4.464520187742067492e+00
3.737798138869862452e+00 3.737798138869862452e+00 3.737798138869862452e+00 4.191586438133007242e+00 4.191586438133007242e+00 4.191586438133007242e+00 4.191586438133007242e+00 4.191586438133007242e+00 4.196697870692370991e+00 4.196697870692370991e+00 4.196697870692370991e+00 4.196697870692370991e+00 4.196697870692370991e+00 4.196697870692370991e+00 4.196697870692370991e+00 4.196697870692370991e+00 4.196697870692370991e+00 4.196697870692370991e+00 4.196697870692370991e+00 4.196697870692370991e+00
