2.419572672046348405e+00 2.419572672046348405e+00 3.037231840331462429e+00 3.229221194065757583e+00 4.750064333838247776e+00 4.750064333838247776e+00 4.750064333838247776e+00 4.750064333838247776e+00 4.750064333838247776e+00 5.177417980660528052e+00 5.177417980660528052e+00 5.177417980660528052e+00 5.177417980660528052e+00 5.177417980660528052e+00 5.177417980660528052e+00 5.177417980660528052e+00 5.177417980660528052e+00 5.177417980660528052e+00 5.177417980660528052e+00 5.177417980660528052e+00
-1.673810215522232969e+00 -1.673810215522232969e+00 -1.673810215522232969e+00 -1.673810215522232969e+00 8.579092464759410785e-02 1.080095549985237380e+00 1.080095549985237380e+00 1.080095549985237380e+00 1.372558472816320041e+00 1.372558472816320041e+00 1.372558472816320041e+00 1.372558472816320041e+00 1.372558472816320041e+00 1.372558472816320041e+00 1.372558472816320041e+00 1.372558472816320041e+00 1.372558472816320041e+00 1.372558472816320041e+00 1.372558472816320041e+00 1.372558472816320041e+00
1.068471859664523071e+00 1.068471859664523071e+00 1.068471859664523071e+00 1.068471859664523071e+00 1.068471859664523071e+00 1.561629543639729389e+00 1.561629543639729389e+00 1.913339432811544505e+00 1.913339432811544505e+00 1.922967967610348605e+00 1.922967967610348605e+00 1.922967967610348605e+00 1.940697656971070995e+00 1.940697656971070995e+00 1.940697656971070995e+00 1.940697656971070995e+00 1.940697656971070995e+00 1.990118071317547921e+00 2.035045951229074390e+00 2.035045951229074390e+00
-1.790577761195467854e+00 1.414701202868695606e+00 1.414701202868695606e+00 1.414701202868695606e+00 1.731591924710299324e+00 2.364193757938409579e+00 2.364193757938409579e+00 2.364193757938409579e+00 2.364193757938409579e+00 2.364193757938409579e+00 2.364193757938409579e+00 2.364193757938409579e+00 2.364193757938409579e+00 2.364193757938409579e+00 2.364193757938409579e+00 2.364193757938409579e+00 2.364193757938409579e+00 2.364193757938409579e+00 2.364193757938409579e+00 2.364193757938409579e+00
2.465064478759094957e+00 2.465064478759094957e+00 2.465064478759094957e+00 3.183422034896980612e+00 3.385836472091221960e+00 3.385836472091221960e+00 3.385836472091221960e+00 3.385836472091221960e+00 3.467700338992438347e+00 3.467700338992438347e+00 3.467700338992438347e+00 3.467700338992438347e+00 3.467700338992438347e+00 3.467700338992438347e+00 3.467700338992438347e+00 3.467700338992438347e+00 3.467700338992438347e+00 3.467700338992438347e+00 3.467700338992438347e+00 3.467700338992438347e+00
-1.963090150881859008e+00 -1.631513265726995510e+00 -7.920952544318291544e-01 -7.920952544318291544e-01 -7.920952544318291544e-01 -7.920952544318291544e-01 -7.920952544318291544e-01 -7.920952544318291544e-01 -7.920952544318291544e-01 -7.920952544318291544e-01 -7.920952544318291544e-01 -7.920952544318291544e-01 -7.920952544318291544e-01 -7.920952544318291544e-01 -7.920952544318291544e-01 -7.920952544318291544e-01 -7.920952544318291544e-01 -7.920952544318291544e-01 -7.920952544318291544e-01 -7.920952544318291544e-01
2.226407862882721300e+00 2.226407862882721300e+00 2.226407862882721300e+00 2.226407862882721300e+00 2.226407862882721300e+00 2.226407862882721300e+00 2.339056432737211200e+00 2.339056432737211200e+00 2.339056432737211200e+00 2.407410404039981522e+00 2.407410404039981522e+00 2.407410404039981522e+00 2.952978775291404734e+00 2.952978775291404734e+00 2.952978775291404734e+00 2.952978775291404734e+00 3.055704321014738323e+00 3.055704321014738323e+00 3.055704321014738323e+00 3.275116783027752110e+00
-1.373860907579321022e+01 -1.373860907579321022e+01 -1.149823131249745600e+01 -1.149823131249745600e+01 -1.149823131249745600e+01 -1.149823131249745600e+01 -1.149823131249745600e+01 -8.719554128444586993e+00 -5.293366085446344016e+00 -5.293366085446344016e+00 -5.293366085446344016e+00 -5.293366085446344016e+00 -5.293366085446344016e+00 -5.293366085446344016e+00 -5.293366085446344016e+00 -5.293366085446344016e+00 -5.293366085446344016e+00 -5.293366085446344016e+00 -5.293366085446344016e+00 -5.293366085446344016e+00
-5.133698988101868643e+00 -3.234550267083296848e+00 -3.234550267083296848e+00 -3.234550267083296848e+00 -3.234550267083296848e+00 1.617552159558399261e+00 1.896597684373092729e+00 1.896597684373092729e+00 1.896597684373092729e+00 1.896597684373092729e+00 1.896597684373092729e+00 2.121398465070110095e+00 2.121398465070110095e+00 2.121398465070110095e+00 2.121398465070110095e+00 2.121398465070110095e+00 2.121398465070110095e+00 2.121398465070110095e+00 2.433257037219188845e+00 3.570461722064883325e+00
-2.950226228601606326e+00 -2.059316532532880384e+00 -2.059316532532880384e+00 -2.030125927421858378e+00 -5.988671861584641265e-01 -5.988671861584641265e-01 -5.415872068068088296e-01 -1.983008668071812863e-01 -1.983008668071812863e-01 -1.983008668071812863e-01 -1.983008668071812863e-01 -1.983008668071812863e-01 1.373843034193069634e+00 1.971987092923446427e+00 2.657021134523065431e+00 2.657021134523065431e+00 2.657021134523065431e+00 2.657021134523065431e+00 2.657021134523065431e+00 2.657021134523065431e+00
-5.366201794954705839e-02 -5.366201794954705839e-02 5.199607662143541642e-01 5.199607662143541642e-01 5.199607662143541642e-01 1.137385443296528686e+00 1.137385443296528686e+00 1.137385443296528686e+00 1.137385443296528686e+00 1.137385443296528686e+00 1.137385443296528686e+00 1.777509578109314203e+00 2.930078199066090239e+00 2.930078199066090239e+00 2.930078199066090239e+00 2.930078199066090239e+00 2.930078199066090239e+00 2.930078199066090239e+00 2.930078199066090239e+00 2.930078199066090239e+00
2.542879213212975831e+00 2.542879213212975831e+00 3.448616763145113673e+00 3.448616763145113673e+00 3.448616763145113673e+00 3.448616763145113673e+00 3.448616763145113673e+00 3.448616763145113673e+00 3.448616763145113673e+00 3.448616763145113673e+00 3.732650554934227038e+00 3.732650554934227038e+00 3.732650554934227038e+00 3.732650554934227038e+00 3.914578040437761697e+00 3.914578040437761697e+00 3.914578040437761697e+00 3.914578040437761697e+00 3.914578040437761697e+00 3.914578040437761697e+00
-1.228258579435795639e+00 -1.228258579435795639e+00 7.765861022652577050e-01 8.313100616740362048e-01 8.313100616740362048e-01 9.484324464055015058e-01 9.484324464055015058e-01 1.899323129474600469e+00 1.899323129474600469e+00 1.899323129474600469e+00 1.976002242626712757e+00 1.976002242626712757e+00 1.976002242626712757e+00 1.976002242626712757e+00 1.976002242626712757e+00 1.976002242626712757e+00 1.976002242626712757e+00 1.976002242626712757e+00 1.976002242626712757e+00 2.417102015538727056e+00
2.979723936626445635e+00 2.979723936626445635e+00 2.979723936626445635e+00 2.979723936626445635e+00 2.979723936626445635e+00 2.979723936626445635e+00 2.979723936626445635e+00 3.035741853419945180e+00 3.035741853419945180e+00 3.035741853419945180e+00 3.035741853419945180e+00 3.035741853419945180e+00 3.035741853419945180e+00 3.035741853419945180e+00 3.035741853419945180e+00 3.052791826450826917e+00 3.556583955172387679e+00 3.556583955172387679e+00 3.556583955172387679e+00 3.556583955172387679e+00
9.826418663169329548e-01 9.841059643226204301e-01 9.841059643226204301e-01 9.841059643226204301e-01 9.841059643226204301e-01 9.841059643226204301e-01 1.098468866571270741e+00 1.339897714669264550e+00 1.857201370929533635e+00 1.857201370929533635e+00 2.284825432908770271e+00 2.284825432908770271e+00 2.284825432908770271e+00 2.284825432908770271e+00 2.284825432908770271e+00 2.449820413982597422e+00 2.449820413982597422e+00 2.449820413982597422e+00 2.513883450853015233e+00 2.513883450853015233e+00
2.658196378819429384e+00 2.658196378819429384e+00 2.658196378819429384e+00 2.658196378819429384e+00 2.658196378819429384e+00 2.658196378819429384e+00 2.658196378819429384e+00 2.735385892579048406e+00 2.735385892579048406e+00 2.735385892579048406e+00 2.735385892579048406e+00 2.735385892579048406e+00 2.735385892579048406e+00 2.735385892579048406e+00 2.735385892579048406e+00 2.735385892579048406e+00 3.070519873224354157e+00 3.070519873224354157e+00 3.467325567188637159e+00 3.467325567188637159e+00
1.507996018661266424e+00 1.507996018661266424e+00 1.507996018661266424e+00 1.507996018661266424e+00 1.507996018661266424e+00 1.507996018661266424e+00 1.507996018661266424e+00 2.562399599764735303e+00 2.562399599764735303e+00 2.562399599764735303e+00 2.562399599764735303e+00 2.562399599764735303e+00 2.562399599764735303e+00 2.562399599764735303e+00 2.562399599764735303e+00 2.562399599764735303e+00 2.562399599764735303e+00 2.562399599764735303e+00 2.562399599764735303e+00 2.562399599764735303e+00
-2.028430845440186925e+00 -1.901643187098000398e+00 -1.901643187098000398e+00 -2.903996208100473320e-01 -2.903996208100473320e-01 -2.903996208100473320e-01 -2.903996208100473320e-01 -2.903996208100473320e-01 -1.357887698311446290e-01 -1.357887698311446290e-01 -1.357887698311446290e-01 2.152180568757017909e+00 2.152180568757017909e+00 2.152180568757017909e+00 2.152180568757017909e+00 2.152180568757017909e+00 2.152180568757017909e+00 2.152180568757017909e+00 2.152180568757017909e+00 2.430862587071989545e+00
-4.996768691732147438e-01 -2.262381745066338601e-01 -2.262381745066338601e-01 -2.262381745066338601e-01 -2.262381745066338601e-01 -2.262381745066338601e-01 3.123165031276988746e-01 3.123165031276988746e-01 3.123165031276988746e-01 3.123165031276988746e-01 3.123165031276988746e-01 3.123165031276988746e-01 3.123165031276988746e-01 3.123165031276988746e-01 3.123165031276988746e-01 3.123165031276988746e-01 3.123165031276988746e-01 3.123165031276988746e-01 3.123165031276988746e-01 3.123165031276988746e-01
-1.831768548459500545e+00 2.425937049298939829e+00 2.425937049298939829e+00 2.425937049298939829e+00 2.425937049298939829e+00 2.425937049298939829e+00 2.425937049298939829e+00 2.425937049298939829e+00 2.425937049298939829e+00 2.425937049298939829e+00 2.425937049298939829e+00 2.425937049298939829e+00 2.425937049298939829e+00 2.425937049298939829e+00 2.425937049298939829e+00 2.425937049298939829e+00 2.425937049298939829e+00 2.425937049298939829e+00 2.425937049298939829e+00 2.425937049298939829e+00
-3.800753106454787478e+00 -3.800753106454787478e+00 -3.800753106454787478e+00 -3.800753106454787478e+00 -3.800753106454787478e+00 -3.800753106454787478e+00 -2.307505873400833352e+00 -2.175435026687851270e+00 -7.967605459892359576e-01 -7.967605459892359576e-01 -7.967605459892359576e-01 -7.967605459892359576e-01 -7.967605459892359576e-01 -7.967605459892359576e-01 -7.967605459892359576e-01 -7.967605459892359576e-01 -7.967605459892359576e-01 -7.770998262035901938e-01 -6.266662918146405081e-01 3.125477149259845988e-01
1.554775277231629449e+00 1.554775277231629449e+00 2.076516339578728942e+00 2.076516339578728942e+00 2.076516339578728942e+00 2.364080901771579146e+00 2.364080901771579146e+00 2.364080901771579146e+00 2.364080901771579146e+00 2.436569623697531828e+00 2.440894884566136902e+00 5.066925674955319536e+00 5.066925674955319536e+00 5.066925674955319536e+00 5.066925674955319536e+00 5.066925674955319536e+00 5.066925674955319536e+00 5.066925674955319536e+00 5.066925674955319536e+00 5.066925674955319536e+00
4.853979318469250792e+00 4.853979318469250792e+00 4.853979318469250792e+00 4.853979318469250792e+00 4.853979318469250792e+00 4.853979318469250792e+00 4.853979318469250792e+00 4.853979318469250792e+00 5.144867133725023578e+00 5.144867133725023578e+00 5.144867133725023578e+00 5.144867133725023578e+00 5.144867133725023578e+00 5.144867133725023578e+00 5.144867133725023578e+00 5.170522701313661429e+00 5.170522701313661429e+00 5.170522701313661429e+00 5.170522701313661429e+00 5.482387334810211676e+00
1.751744918550606656e+00 1.751744918550606656e+00 2.265265173604364080e+00 2.265265173604364080e+00 2.265265173604364080e+00 2.265265173604364080e+00 2.265265173604364080e+00 2.265265173604364080e+00 2.265265173604364080e+00 2.265265173604364080e+00 2.265265173604364080e+00 2.265265173604364080e+00 2.265265173604364080e+00 2.265265173604364080e+00 2.265265173604364080e+00 2.265265173604364080e+00 2.265265173604364080e+00 2.265265173604364080e+00 2.265265173604364080e+00 2.265265173604364080e+00
2.930753635816488956e+00 2.930753635816488956e+00 2.930753635816488956e+00 2.930753635816488956e+00 2.930753635816488956e+00 2.930753635816488956e+00 2.930753635816488956e+00 2.930753635816488956e+00 2.930753635816488956e+00 2.930753635816488956e+00 2.930753635816488956e+00 2.930753635816488956e+00 2.930753635816488956e+00 2.930753635816488956e+00 2.930753635816488956e+00 2.930753635816488956e+00 2.930753635816488956e+00 2.930753635816488956e+00 2.930753635816488956e+00 2.930753635816488956e+00
2.647168067823948867e+00 2.647168067823948867e+00 2.647168067823948867e+00 2.647168067823948867e+00 2.647168067823948867e+00 2.647168067823948867e+00 2.647168067823948867e+00 2.647168067823948867e+00 2.647168067823948867e+00 2.647168067823948867e+00 2.647168067823948867e+00 2.647168067823948867e+00 2.647168067823948867e+00 2.647168067823948867e+00 2.647168067823948867e+00 2.647168067823948867e+00 2.647168067823948867e+00 2.772755235791700024e+00 2.772755235791700024e+00 2.772755235791700024e+00
5.216475560619532104e+00 5.216475560619532104e+00 5.216475560619532104e+00 5.216475560619532104e+00 5.216475560619532104e+00 5.253539262046549752e+00 5.253539262046549752e+00 5.526433307386893645e+00 5.526433307386893645e+00 5.526433307386893645e+00 5.526433307386893645e+00 5.526433307386893645e+00 5.526433307386893645e+00 5.526433307386893645e+00 5.855412699711345148e+00 5.855412699711345148e+00 5.855412699711345148e+00 5.855412699711345148e+00 5.855412699711345148e+00 5.855412699711345148e+00
1.744884535766224820e+00 1.744884535766224820e+00 2.893356056395640863e+00 2.893356056395640863e+00 2.893356056395640863e+00 2.893356056395640863e+00 3.113896184044675053e+00 3.113896184044675053e+00 3.222995421123935333e+00 3.222995421123935333e+00 3.222995421123935333e+00 3.222995421123935333e+00 3.222995421123935333e+00 3.433681570102987024e+00 3.433681570102987024e+00 3.433681570102987024e+00 3.433681570102987024e+00 3.835901888021466810e+00 3.835901888021466810e+00 3.835901888021466810e+00
9.090841977397275953e-01 9.090841977397275953e-01 1.375093615660430757e+00 1.389846624780460171e+00 1.389846624780460171e+00 1.389846624780460171e+00 1.442104976378079773e+00 1.442104976378079773e+00 1.442104976378079773e+00 1.442104976378079773e+00 1.442104976378079773e+00 1.442104976378079773e+00 1.442104976378079773e+00 1.442104976378079773e+00 1.442104976378079773e+00 1.442104976378079773e+00 2.684595329647815554e+00 2.684595329647815554e+00 2.684595329647815554e+00 2.684595329647815554e+00
-3.960335905867932160e-01 -3.960335905867932160e-01 -3.960335905867932160e-01 -3.960335905867932160e-01 1.693499735373247828e-01 1.693499735373247828e-01 2.121258791574131553e-01 2.121258791574131553e-01 2.121258791574131553e-01 2.121258791574131553e-01 2.575690927088542637e+00 2.575690927088542637e+00 2.575690927088542637e+00 2.575690927088542637e+00 2.575690927088542637e+00 2.575690927088542637e+00 2.575690927088542637e+00 2.575690927088542637e+00 2.575690927088542637e+00 2.575690927088542637e+00
-6.406491425451907418e+00 -8.663185731512513810e-01 -8.663185731512513810e-01 -8.663185731512513810e-01 -8.663185731512513810e-01 -8.663185731512513810e-01 -8.663185731512513810e-01 -8.663185731512513810e-01 -8.663185731512513810e-01 1.509713600773189501e+00 1.509713600773189501e+00 1.509713600773189501e+00 1.509713600773189501e+00 1.509713600773189501e+00 1.509713600773189501e+00 1.509713600773189501e+00 1.509713600773189501e+00 1.509713600773189501e+00 1.509713600773189501e+00 1.509713600773189501e+00
2.248536202681758578e+00 3.099376661363169028e+00 3.099376661363169028e+00 3.099376661363169028e+00 3.099376661363169028e+00 3.099376661363169028e+00 3.099376661363169028e+00 3.099376661363169028e+00 3.099376661363169028e+00 3.099376661363169028e+00 3.266742958020178556e+00 3.322152535932655582e+00 3.322152535932655582e+00 3.322152535932655582e+00 3.322152535932655582e+00 3.322152535932655582e+00 3.322152535932655582e+00 3.322152535932655582e+00 3.322152535932655582e+00 3.322152535932655582e+00
-8.533859930026055363e-01 1.114611836367965569e+00 1.114611836367965569e+00 1.114611836367965569e+00 1.613656102246624702e+00 1.613656102246624702e+00 1.613656102246624702e+00 1.613656102246624702e+00 1.613656102246624702e+00 1.613656102246624702e+00 1.613656102246624702e+00 1.613656102246624702e+00 1.613656102246624702e+00 1.613656102246624702e+00 1.613656102246624702e+00 1.613656102246624702e+00 1.613656102246624702e+00 1.613656102246624702e+00 1.613656102246624702e+00 1.613656102246624702e+00
-1.958373535813194566e-01 -1.958373535813194566e-01 -1.958373535813194566e-01 -1.958373535813194566e-01 -1.958373535813194566e-01 -1.958373535813194566e-01 -1.958373535813194566e-01 -1.958373535813194566e-01 6.816234718520136626e-01 7.755399679236766319e-01 7.755399679236766319e-01 8.804434421209047512e-01 9.003478557586552800e-01 9.609872684746617599e-01 9.609872684746617599e-01 9.609872684746617599e-01 9.609872684746617599e-01 9.609872684746617599e-01 9.609872684746617599e-01 9.609872684746617599e-01
4.457052886766615707e+00 4.457052886766615707e+00 4.457052886766615707e+00 4.457052886766615707e+00 4.457052886766615707e+00 4.457052886766615707e+00 4.457052886766615707e+00 4.457052886766615707e+00 4.457052886766615707e+00 4.457052886766615707e+00 4.457052886766615707e+00 4.457052886766615707e+00 4.457052886766615707e+00 4.457052886766615707e+00 4.457052886766615707e+00 4.457052886766615707e+00 4.457052886766615707e+00 4.457052886766615707e+00 6.958877372508728953e+00 6.958877372508728953e+00
1.720847830566394565e+00 1.720847830566394565e+00 2.308075644773986301e+00 2.829661268208677249e+00 2.829661268208677249e+00 2.829661268208677249e+00 2.829661268208677249e+00 2.829661268208677249e+00 2.829661268208677249e+00 2.829661268208677249e+00 2.829661268208677249e+00 2.829661268208677249e+00 2.829661268208677249e+00 2.829661268208677249e+00 2.829661268208677249e+00 2.829661268208677249e+00 2.829661268208677249e+00 2.829661268208677249e+00 2.829661268208677249e+00 2.829661268208677249e+00
1.224592566526480741e+00 1.224592566526480741e+00 1.224592566526480741e+00 1.224592566526480741e+00 1.224592566526480741e+00 1.224592566526480741e+00 1.912998956673163997e+00 1.912998956673163997e+00 1.912998956673163997e+00 1.912998956673163997e+00 1.912998956673163997e+00 1.912998956673163997e+00 1.912998956673163997e+00 1.912998956673163997e+00 1.912998956673163997e+00 1.912998956673163997e+00 1.912998956673163997e+00 1.912998956673163997e+00 1.912998956673163997e+00 1.912998956673163997e+00
3.845942900366514650e+00 3.845942900366514650e+00 3.845942900366514650e+00 3.845942900366514650e+00 3.845942900366514650e+00 3.845942900366514650e+00 3.845942900366514650e+00 3.845942900366514650e+00 3.845942900366514650e+00 3.845942900366514650e+00 3.845942900366514650e+00 3.845942900366514650e+00 3.845942900366514650e+00 3.845942900366514650e+00 3.845942900366514650e+00 3.845942900366514650e+00 3.845942900366514650e+00 3.845942900366514650e+00 3.845942900366514650e+00 3.845942900366514650e+00
1.560999095289217209e+00 2.798262685002337768e+00 2.798262685002337768e+00 2.798262685002337768e+00 2.798262685002337768e+00 2.798262685002337768e+00 2.798262685002337768e+00 2.798262685002337768e+00 2.798262685002337768e+00 3.062900730002312333e+00 3.062900730002312333e+00 3.062900730002312333e+00 3.062900730002312333e+00 3.062900730002312333e+00 3.062900730002312333e+00 3.062900730002312333e+00 4.148159803880719920e+00 4.148159803880719920e+00 4.148159803880719920e+00 4.148159803880719920e+00
-2.721337923705212436e+00 -2.523235889403814269e+00 1.905881708539861163e+00 1.905881708539861163e+00 1.905881708539861163e+00 1.905881708539861163e+00 1.905881708539861163e+00 1.905881708539861163e+00 1.905881708539861163e+00 1.905881708539861163e+00 1.905881708539861163e+00 1.905881708539861163e+00 1.905881708539861163e+00 1.905881708539861163e+00 1.905881708539861163e+00 1.905881708539861163e+00 1.905881708539861163e+00 1.905881708539861163e+00 1.905881708539861163e+00 1.905881708539861163e+00
