-2.548824856328271160e-01 5.366804111913134889e-01 2.358980338356145623e+00 2.358980338356145623e+00 2.358980338356145623e+00 2.358980338356145623e+00 2.358980338356145623e+00 2.401644869749349098e+00 2.401644869749349098e+00 2.401644869749349098e+00 2.401644869749349098e+00 2.673059368220040088e+00 2.673059368220040088e+00 2.673059368220040088e+00 2.673059368220040088e+00 2.673059368220040088e+00 2.673059368220040088e+00 2.673059368220040088e+00 3.468842944604805911e+00 3.468842944604805911e+00
1.798724733579653901e+00 1.798724733579653901e+00 1.798724733579653901e+00 1.798724733579653901e+00 1.798724733579653901e+00 1.798724733579653901e+00 1.798724733579653901e+00 1.798724733579653901e+00 1.798724733579653901e+00 1.798724733579653901e+00 1.798724733579653901e+00 1.798724733579653901e+00 1.798724733579653901e+00 1.798724733579653901e+00 1.798724733579653901e+00 1.798724733579653901e+00 1.798724733579653901e+00 1.798724733579653901e+00 1.798724733579653901e+00 1.798724733579653901e+00
-3.240935448095335847e+00 -3.240935448095335847e+00 4.393774670775482671e-01 2.283943857708167435e+00 2.283943857708167435e+00 2.283943857708167435e+00 2.283943857708167435e+00 2.283943857708167435e+00 2.283943857708167435e+00 2.283943857708167435e+00 2.283943857708167435e+00 2.283943857708167435e+00 2.283943857708167435e+00 2.283943857708167435e+00 2.283943857708167435e+00 2.283943857708167435e+00 2.283943857708167435e+00 2.283943857708167435e+00 2.283943857708167435e+00 2.283943857708167435e+00
2.317562507877251488e+00 2.317562507877251488e+00 2.317562507877251488e+00 2.317562507877251488e+00 2.317562507877251488e+00 2.317562507877251488e+00 2.317562507877251488e+00 2.317562507877251488e+00 2.317562507877251488e+00 3.111207535534305624e+00 3.111207535534305624e+00 3.111207535534305624e+00 3.111207535534305624e+00 3.233176754416826615e+00 3.619380472598478171e+00 3.619380472598478171e+00 3.619380472598478171e+00 3.619380472598478171e+00 3.619380472598478171e+00 3.619380472598478171e+00
2.216931508614487623e+00 2.216931508614487623e+00 2.216931508614487623e+00 2.216931508614487623e+00 2.216931508614487623e+00 2.216931508614487623e+00 2.216931508614487623e+00 2.216931508614487623e+00 2.216931508614487623e+00 2.216931508614487623e+00 2.216931508614487623e+00 2.216931508614487623e+00 2.216931508614487623e+00 2.216931508614487623e+00 2.216931508614487623e+00 2.216931508614487623e+00 2.216931508614487623e+00 2.623242524097443962e+00 2.623242524097443962e+00 2.623242524097443962e+00
3.222874255169343893e+00 3.639167590611318559e+00 4.086382109300632948e+00 4.086382109300632948e+00 4.086382109300632948e+00 4.086382109300632948e+00 4.086382109300632948e+00 4.086382109300632948e+00 4.096524987149577690e+00 4.096524987149577690e+00 4.096524987149577690e+00 4.096524987149577690e+00 4.096524987149577690e+00 4.096524987149577690e+00 4.096524987149577690e+00 4.096524987149577690e+00 4.096524987149577690e+00 4.096524987149577690e+00 4.096524987149577690e+00 4.096524987149577690e+00
-4.553874151352897748e+00 -4.434865078161191576e+00 -7.651600594355623119e-02 -7.651600594355623119e-02 -7.651600594355623119e-02 -7.651600594355623119e-02 -7.651600594355623119e-02 2.036577119052745743e+00 2.036577119052745743e+00 2.036577119052745743e+00 2.036577119052745743e+00 2.036577119052745743e+00 2.036577119052745743e+00 2.036577119052745743e+00 2.036577119052745743e+00 2.036577119052745743e+00 2.239940177402012900e+00 2.239940177402012900e+00 3.037703813728280799e+00 3.037703813728280799e+00
2.495363321012391555e+00 2.509104399209376890e+00 2.509104399209376890e+00 2.509104399209376890e+00 2.534643868500401354e+00 2.534643868500401354e+00 2.534643868500401354e+00 2.534643868500401354e+00 2.534643868500401354e+00 3.918582898931069813e+00 3.918582898931069813e+00 3.918582898931069813e+00 4.499841658292735858e+00 4.499841658292735858e+00 4.499841658292735858e+00 5.844539582296869540e+00 5.844539582296869540e+00 5.844539582296869540e+00 5.844539582296869540e+00 5.844539582296869540e+00
3.948571885744758259e+00 3.948571885744758259e+00 3.948571885744758259e+00 3.948571885744758259e+00 3.948571885744758259e+00 4.816512330922932072e+00 4.816512330922932072e+00 4.816512330922932072e+00 4.816512330922932072e+00 4.816512330922932072e+00 4.816512330922932072e+00 4.816512330922932072e+00 5.264707469297678522e+00 5.264707469297678522e+00 5.264707469297678522e+00 5.264707469297678522e+00 5.264707469297678522e+00 5.264707469297678522e+00 5.264707469297678522e+00 5.264707469297678522e+00
8.439501225075245472e-01 8.439501225075245472e-01 2.165013477250838925e+00 2.165013477250838925e+00 2.165013477250838925e+00 2.165013477250838925e+00 2.165013477250838925e+00 2.165013477250838925e+00 3.629265932946132089e+00 3.629265932946132089e+00 3.629265932946132089e+00 3.629265932946132089e+00 3.629265932946132089e+00 3.629265932946132089e+00 3.629265932946132089e+00 3.629265932946132089e+00 3.629265932946132089e+00 3.629265932946132089e+00 3.629265932946132089e+00 3.629265932946132089e+00
1.789062407799168586e+00 1.789062407799168586e+00 2.103730407373532785e+00 2.400247358371682349e+00 2.585511496707306733e+00 2.585511496707306733e+00 2.585511496707306733e+00 2.585511496707306733e+00 2.585511496707306733e+00 2.585511496707306733e+00 2.585511496707306733e+00 2.585511496707306733e+00 2.588588861767559202e+00 2.588588861767559202e+00 2.588588861767559202e+00 2.588588861767559202e+00 2.588588861767559202e+00 3.414322827324317799e+00 3.414322827324317799e+00 4.442111118979052087e+00
3.429229184506756845e-01 3.429229184506756845e-01 1.406408704816678679e+00 1.406408704816678679e+00 3.844524687777784333e+00 3.844524687777784333e+00 3.844524687777784333e+00 3.844524687777784333e+00 3.844524687777784333e+00 3.844524687777784333e+00 3.844524687777784333e+00 3.844524687777784333e+00 3.844524687777784333e+00 3.844524687777784333e+00 3.844524687777784333e+00 3.844524687777784333e+00 3.844524687777784333e+00 3.844524687777784333e+00 3.844524687777784333e+00 3.844524687777784333e+00
-5.075385907403267005e-01 -5.075385907403267005e-01 -5.075385907403267005e-01 -5.075385907403267005e-01 -3.855673036291785705e-01 -3.855673036291785705e-01 -3.855673036291785705e-01 -3.855673036291785705e-01 -3.855673036291785705e-01 -3.855673036291785705e-01 -3.855673036291785705e-01 1.408910003283236678e+00 1.613503596683018015e+00 1.613503596683018015e+00 1.831135654016599057e+00 1.831135654016599057e+00 1.831135654016599057e+00 2.751351036805899319e+00 4.814111839549523708e+00 4.814111839549523708e+00
1.966781429335539899e+00 1.966781429335539899e+00 2.274975415935808432e+00 2.501665355693064363e+00 2.501665355693064363e+00 2.501665355693064363e+00 2.501665355693064363e+00 2.501665355693064363e+00 2.501665355693064363e+00 2.501665355693064363e+00 2.501665355693064363e+00 2.501665355693064363e+00 2.501665355693064363e+00 2.501665355693064363e+00 2.501665355693064363e+00 2.501665355693064363e+00 2.501665355693064363e+00 2.501665355693064363e+00 2.501665355693064363e+00 2.501665355693064363e+00
-8.076961889401134798e+00 -8.076961889401134798e+00 -5.511932871193618411e+00 -5.511932871193618411e+00 2.652246279293233755e+00 2.652246279293233755e+00 2.652246279293233755e+00 2.652246279293233755e+00 2.652246279293233755e+00 2.652246279293233755e+00 2.652246279293233755e+00 2.652246279293233755e+00 2.652246279293233755e+00 2.652246279293233755e+00 2.652246279293233755e+00 2.652246279293233755e+00 2.652246279293233755e+00 2.652246279293233755e+00 2.652246279293233755e+00 2.652246279293233755e+00
-5.045789894376291329e-01 -5.045789894376291329e-01 -5.045789894376291329e-01 -5.045789894376291329e-01 -5.045789894376291329e-01 -5.045789894376291329e-01 -5.045789894376291329e-01 2.674964184197124339e+00 3.153772959325256586e+00 3.153772959325256586e+00 3.153772959325256586e+00 3.153772959325256586e+00 3.153772959325256586e+00 3.153772959325256586e+00 3.153772959325256586e+00 3.153772959325256586e+00 3.153772959325256586e+00 3.153772959325256586e+00 3.153772959325256586e+00 3.153772959325256586e+00
1.575768616805106825e+00 1.575768616805106825e+00 1.575768616805106825e+00 2.069849199626623282e+00 2.069849199626623282e+00 2.069849199626623282e+00 2.611008242066191976e+00 2.611008242066191976e+00 2.611008242066191976e+00 2.611008242066191976e+00 2.611008242066191976e+00 2.611008242066191976e+00 2.611008242066191976e+00 2.611008242066191976e+00 2.611008242066191976e+00 2.611008242066191976e+00 2.611008242066191976e+00 3.050305040044586136e+00 3.050305040044586136e+00 3.050305040044586136e+00
-1.131303497659261525e+00 -1.131303497659261525e+00 -1.131303497659261525e+00 -1.131303497659261525e+00 -2.949919068869847338e-01 -2.949919068869847338e-01 3.296560920906955516e+00 3.296560920906955516e+00 3.296560920906955516e+00 3.296560920906955516e+00 3.296560920906955516e+00 3.296560920906955516e+00 3.296560920906955516e+00 3.296560920906955516e+00 3.296560920906955516e+00 3.296560920906955516e+00 3.296560920906955516e+00 3.296560920906955516e+00 3.296560920906955516e+00 3.296560920906955516e+00
-4.444605169852358650e-01 4.574990640725234425e-01 2.403974739214090217e+00 3.451923996143135831e+00 3.451923996143135831e+00 3.890752723331470264e+00 3.890752723331470264e+00 3.890752723331470264e+00 3.890752723331470264e+00 3.890752723331470264e+00 3.890752723331470264e+00 3.890752723331470264e+00 3.890752723331470264e+00 3.890752723331470264e+00 3.890752723331470264e+00 3.890752723331470264e+00 3.890752723331470264e+00 3.890752723331470264e+00 3.890752723331470264e+00 3.890752723331470264e+00
1.565832649137648414e+00 1.565832649137648414e+00 5.112951919197485928e+00 5.112951919197485928e+00 5.112951919197485928e+00 5.112951919197485928e+00 5.112951919197485928e+00 5.112951919197485928e+00 5.112951919197485928e+00 5.112951919197485928e+00 5.112951919197485928e+00 5.112951919197485928e+00 5.112951919197485928e+00 5.112951919197485928e+00 5.112951919197485928e+00 5.112951919197485928e+00 5.112951919197485928e+00 5.112951919197485928e+00 5.112951919197485928e+00 5.112951919197485928e+00
-2.238997561432527927e+00 -2.238997561432527927e+00 -2.001827847584938702e+00 -2.001827847584938702e+00 -1.700985247068739770e-01 -1.700985247068739770e-01 -1.700985247068739770e-01 -1.700985247068739770e-01 -1.700985247068739770e-01 -7.189744496752256686e-02 6.550525221320359082e-01 6.550525221320359082e-01 6.550525221320359082e-01 6.550525221320359082e-01 6.550525221320359082e-01 6.550525221320359082e-01 6.550525221320359082e-01 1.710372591037679690e+00 1.710372591037679690e+00 1.710372591037679690e+00
2.590084969846897511e-01 2.590084969846897511e-01 2.590084969846897511e-01 2.590084969846897511e-01 2.590084969846897511e-01 5.959032487665726352e-01 5.959032487665726352e-01 8.972520176204655806e-01 8.972520176204655806e-01 8.972520176204655806e-01 8.972520176204655806e-01 8.972520176204655806e-01 8.972520176204655806e-01 8.972520176204655806e-01 8.972520176204655806e-01 8.972520176204655806e-01 8.972520176204655806e-01 8.972520176204655806e-01 8.972520176204655806e-01 8.972520176204655806e-01
-3.379153606649694996e+00 -3.379153606649694996e+00 -3.379153606649694996e+00 2.094787023906313550e+00 2.094787023906313550e+00 2.094787023906313550e+00 2.765163015055169371e+00 2.765163015055169371e+00 2.765163015055169371e+00 2.765163015055169371e+00 2.765163015055169371e+00 2.765163015055169371e+00 2.765163015055169371e+00 2.765163015055169371e+00 2.765163015055169371e+00 2.765163015055169371e+00 2.765163015055169371e+00 2.765163015055169371e+00 2.765163015055169371e+00 2.765163015055169371e+00
2.301776835529633303e+00 2.312485543183458780e+00 2.312485543183458780e+00 2.312485543183458780e+00 2.557262948999628804e+00 2.557262948999628804e+00 2.557262948999628804e+00 2.557262948999628804e+00 2.557262948999628804e+00 2.557262948999628804e+00 2.557262948999628804e+00 2.557262948999628804e+00 2.557262948999628804e+00 2.557262948999628804e+00 2.557262948999628804e+00 2.557262948999628804e+00 2.557262948999628804e+00 2.557262948999628804e+00 2.557262948999628804e+00 2.557262948999628804e+00
3.407803099080837672e+00 3.407803099080837672e+00 3.407803099080837672e+00 3.407803099080837672e+00 3.407803099080837672e+00 3.407803099080837672e+00 3.407803099080837672e+00 3.407803099080837672e+00 3.407803099080837672e+00 3.407803099080837672e+00 3.407803099080837672e+00 3.407803099080837672e+00 3.407803099080837672e+00 3.407803099080837672e+00 3.407803099080837672e+00 4.323418457556202910e+00 4.323418457556202910e+00 4.323418457556202910e+00 4.323418457556202910e+00 4.323418457556202910e+00
-7.620033776717737517e+00 -7.620033776717737517e+00 -7.620033776717737517e+00 -7.620033776717737517e+00 -7.620033776717737517e+00 -6.654948515243824581e+00 -3.745025361990824475e+00 -3.745025361990824475e+00 -3.745025361990824475e+00 -3.742961501817945180e-01 1.071202300053733847e+00 1.071202300053733847e+00 1.711556469403084701e+00 2.247187356289982674e+00 2.247187356289982674e+00 2.247187356289982674e+00 2.540050515301425893e+00 2.540050515301425893e+00 2.540050515301425893e+00 2.540050515301425893e+00
-3.930920179557653160e+00 -3.930920179557653160e+00 -3.930920179557653160e+00 -2.844473907669851087e+00 -2.844473907669851087e+00 -2.844473907669851087e+00 2.012421893258026451e+00 2.067371563301180437e+00 2.067371563301180437e+00 2.067371563301180437e+00 2.067371563301180437e+00 2.067371563301180437e+00 2.067371563301180437e+00 2.067371563301180437e+00 2.067371563301180437e+00 2.067371563301180437e+00 2.239784803081353637e+00 2.519981364263969237e+00 2.519981364263969237e+00 4.324985170575508242e+00
3.512375850773897135e+00 3.512375850773897135e+00 3.512375850773897135e+00 3.512375850773897135e+00 3.512375850773897135e+00 3.512375850773897135e+00 3.512375850773897135e+00 3.840905252876877451e+00 3.840905252876877451e+00 3.840905252876877451e+00 3.840905252876877451e+00 3.840905252876877451e+00 3.840905252876877451e+00 3.840905252876877451e+00 3.840905252876877451e+00 3.840905252876877451e+00 3.840905252876877451e+00 3.840905252876877451e+00 3.840905252876877451e+00 3.840905252876877451e+00
-2.898100469892245235e-01 8.543589872895980264e-01 8.543589872895980264e-01 8.543589872895980264e-01 8.543589872895980264e-01 3.272704997169188168e+00 3.272704997169188168e+00 3.272704997169188168e+00 3.272704997169188168e+00 3.272704997169188168e+00 3.272704997169188168e+00 3.272704997169188168e+00 3.272704997169188168e+00 3.272704997169188168e+00 3.272704997169188168e+00 3.272704997169188168e+00 3.272704997169188168e+00 3.272704997169188168e+00 3.272704997169188168e+00 3.272704997169188168e+00
1.554080781482442886e+00 1.884683649092829150e+00 1.884683649092829150e+00 1.884683649092829150e+00 1.884683649092829150e+00 1.884683649092829150e+00 1.884683649092829150e+00 1.884683649092829150e+00 1.884683649092829150e+00 1.884683649092829150e+00 2.097470593960137908e+00 2.097470593960137908e+00 2.097470593960137908e+00 2.097470593960137908e+00 2.097470593960137908e+00 2.097470593960137908e+00 2.097470593960137908e+00 2.097470593960137908e+00 2.097470593960137908e+00 2.097470593960137908e+00
-1.910506121635240362e+00 -1.910506121635240362e+00 -9.773362059229938614e-01 -2.261620614602555257e-03 1.143345671717579615e+00 1.143345671717579615e+00 1.143345671717579615e+00 1.143345671717579615e+00 1.143345671717579615e+00 1.143345671717579615e+00 1.143345671717579615e+00 1.143345671717579615e+00 1.143345671717579615e+00 1.143345671717579615e+00 1.143345671717579615e+00 1.143345671717579615e+00 1.143345671717579615e+00 1.143345671717579615e+00 1.816759523849439395e+00 1.816759523849439395e+00
1.354375535345598847e-01 1.945060113373492161e+00 1.945060113373492161e+00 1.945060113373492161e+00 1.945060113373492161e+00 1.945060113373492161e+00 2.905657527120608208e+00 2.905657527120608208e+00 2.905657527120608208e+00 3.122151576945372931e+00 3.122151576945372931e+00 3.122151576945372931e+00 3.122151576945372931e+00 3.122151576945372931e+00 3.122151576945372931e+00 3.122151576945372931e+00 3.122151576945372931e+00 3.698056516553308359e+00 3.698056516553308359e+00 3.698056516553308359e+00
3.774144081332225120e+00 3.774144081332225120e+00 3.774144081332225120e+00 3.774144081332225120e+00 3.774144081332225120e+00 3.774144081332225120e+00 3.774144081332225120e+00 3.774144081332225120e+00 3.774144081332225120e+00 3.774144081332225120e+00 3.774144081332225120e+00 3.774144081332225120e+00 3.774144081332225120e+00 3.774144081332225120e+00 3.774144081332225120e+00 3.774144081332225120e+00 3.774144081332225120e+00 3.774144081332225120e+00 3.852018739314572837e+00 3.852018739314572837e+00
2.521007126363937978e+00 2.521007126363937978e+00 3.139186370792811598e+00 4.354715384019668178e+00 4.354715384019668178e+00 4.354715384019668178e+00 4.354715384019668178e+00 4.548609687083477127e+00 4.548609687083477127e+00 4.553191551660364489e+00 4.553191551660364489e+00 4.817322172306595540e+00 4.817322172306595540e+00 4.817322172306595540e+00 4.817322172306595540e+00 4.817322172306595540e+00 4.817322172306595540e+00 4.817322172306595540e+00 4.817322172306595540e+00 4.817322172306595540e+00
9.362999300849904616e-01 2.136409740706396221e+00 2.136409740706396221e+00 2.136409740706396221e+00 2.136409740706396221e+00 2.136409740706396221e+00 2.848965981226557975e+00 2.848965981226557975e+00 2.848965981226557975e+00 2.848965981226557975e+00 2.848965981226557975e+00 2.848965981226557975e+00 2.848965981226557975e+00 2.848965981226557975e+00 2.848965981226557975e+00 2.848965981226557975e+00 2.848965981226557975e+00 2.848965981226557975e+00 2.848965981226557975e+00 2.848965981226557975e+00
9.094569709272366520e-01 9.094569709272366520e-01 9.094569709272366520e-01 9.094569709272366520e-01 9.094569709272366520e-01 1.292286011433541937e+00 1.292286011433541937e+00 1.578294539275133079e+00 2.873341639306604911e+00 2.873341639306604911e+00 2.873341639306604911e+00 2.873341639306604911e+00 2.873341639306604911e+00 2.873341639306604911e+00 2.873341639306604911e+00 2.873341639306604911e+00 2.873341639306604911e+00 2.873341639306604911e+00 2.873341639306604911e+00 2.918280277778072307e+00
3.410325642727662920e+00 3.523867272472673839e+00 3.523867272472673839e+00 3.523867272472673839e+00 3.523867272472673839e+00 3.523867272472673839e+00 3.523867272472673839e+00 3.523867272472673839e+00 3.523867272472673839e+00 3.523867272472673839e+00 3.523867272472673839e+00 3.523867272472673839e+00 3.523867272472673839e+00 3.523867272472673839e+00 3.523867272472673839e+00 3.523867272472673839e+00 3.889420781368302826e+00 3.889420781368302826e+00 3.889420781368302826e+00 3.889420781368302826e+00
-2.554598796125464144e+00 1.260960478791766315e+00 1.260960478791766315e+00 1.260960478791766315e+00 1.260960478791766315e+00 1.260960478791766315e+00 1.260960478791766315e+00 1.260960478791766315e+00 1.260960478791766315e+00 1.260960478791766315e+00 1.260960478791766315e+00 1.260960478791766315e+00 1.260960478791766315e+00 1.260960478791766315e+00 1.260960478791766315e+00 1.260960478791766315e+00 1.260960478791766315e+00 1.364794699448196980e+00 1.364794699448196980e+00 1.364794699448196980e+00
3.257806137413843395e+00 4.126694713364644329e+00 4.126694713364644329e+00 4.203718418857373962e+00 4.203718418857373962e+00 4.213357978165872986e+00 4.213357978165872986e+00 4.213357978165872986e+00 4.213357978165872986e+00 4.213357978165872986e+00 4.213357978165872986e+00 4.399012708114024228e+00 4.399012708114024228e+00 4.399012708114024228e+00 4.399012708114024228e+00 4.399012708114024228e+00 4.399012708114024228e+00 4.399012708114024228e+00 4.399012708114024228e+00 4.399012708114024228e+00
9.236059610705005252e-01 1.315460616073906852e+00 2.705818982474270662e+00 4.370284922590597532e+00 4.370284922590597532e+00 4.370284922590597532e+00 4.370284922590597532e+00 4.370284922590597532e+00 5.020296438406799844e+00 5.053551148547550831e+00 5.262941309875435181e+00 5.262941309875435181e+00 5.262941309875435181e+00 5.262941309875435181e+00 5.262941309875435181e+00 5.262941309875435181e+00 5.262941309875435181e+00 5.262941309875435181e+00 5.262941309875435181e+00 5.262941309875435181e+00
