1.894420442112797920e+00 1.894420442112797920e+00 1.894420442112797920e+00 1.894420442112797920e+00 1.894420442112797920e+00 1.894420442112797920e+00 1.894420442112797920e+00 2.991909690539148237e+00 2.991909690539148237e+00 3.266789456571159711e+00 3.266789456571159711e+00 3.266789456571159711e+00 3.266789456571159711e+00 3.266789456571159711e+00 3.266789456571159711e+00 3.266789456571159711e+00 3.266789456571159711e+00 3.266789456571159711e+00 3.266789456571159711e+00 3.446426407942381864e+00
2.864580131878785352e+00 2.864580131878785352e+00 2.864580131878785352e+00 2.864580131878785352e+00 2.868145291708160016e+00 2.952414145868559991e+00 2.952414145868559991e+00 3.153175566424650356e+00 3.884475120560178407e+00 3.884475120560178407e+00 3.884475120560178407e+00 3.884475120560178407e+00 3.884475120560178407e+00 3.884475120560178407e+00 4.044014580987591145e+00 4.044014580987591145e+00 4.044014580987591145e+00 4.044014580987591145e+00 4.044014580987591145e+00 4.174875174738856387e+00
9.537072050367683129e-01 9.537072050367683129e-01 1.221253018743433394e+00 1.221253018743433394e+00 1.221253018743433394e+00 1.221253018743433394e+00 1.221253018743433394e+00 1.352319439894894337e+00 1.352319439894894337e+00 1.352319439894894337e+00 1.352319439894894337e+00 1.352319439894894337e+00 1.352319439894894337e+00 1.352319439894894337e+00 1.352319439894894337e+00 1.352319439894894337e+00 1.352319439894894337e+00 1.352319439894894337e+00 1.352319439894894337e+00 1.426545658195557120e+00
1.531145300110621665e+00 1.531145300110621665e+00 1.531145300110621665e+00 1.531145300110621665e+00 1.531145300110621665e+00 1.531145300110621665e+00 1.531145300110621665e+00 1.531145300110621665e+00 2.377008314994173421e+00 2.377008314994173421e+00 2.377008314994173421e+00 2.377008314994173421e+00 2.377008314994173421e+00 2.377008314994173421e+00 2.377008314994173421e+00 2.377008314994173421e+00 2.377008314994173421e+00 2.377008314994173421e+00 2.377008314994173421e+00 2.377008314994173421e+00
2.153142369658713473e-01 2.153142369658713473e-01 7.035063736983430127e-01 7.035063736983430127e-01 7.035063736983430127e-01 7.035063736983430127e-01 2.605234409917811966e+00 2.605234409917811966e+00 2.605234409917811966e+00 2.962192862845644203e+00 2.962192862845644203e+00 2.962192862845644203e+00 2.962192862845644203e+00 2.962192862845644203e+00 2.962192862845644203e+00 2.962192862845644203e+00 2.962192862845644203e+00 2.962192862845644203e+00 2.962192862845644203e+00 2.962192862845644203e+00
3.374175659431276619e-01 1.843236496838594363e+00 1.843236496838594363e+00 1.900146573099078751e+00 1.900146573099078751e+00 2.198382368377593821e+00 2.332854112028527993e+00 2.332854112028527993e+00 2.332854112028527993e+00 2.332854112028527993e+00 2.332854112028527993e+00 2.332854112028527993e+00 2.332854112028527993e+00 2.473666633683709648e+00 2.473666633683709648e+00 2.473666633683709648e+00 2.473666633683709648e+00 2.473666633683709648e+00 2.473666633683709648e+00 2.473666633683709648e+00
1.406976393889525223e-01 5.617158082309881006e-01 5.617158082309881006e-01 5.617158082309881006e-01 5.617158082309881006e-01 1.171407455993926483e+00 1.171407455993926483e+00 1.171407455993926483e+00 1.514785936257949661e+00 1.747352986497600291e+00 1.747352986497600291e+00 2.640177179043348588e+00 2.640177179043348588e+00 2.640177179043348588e+00 2.640177179043348588e+00 2.640177179043348588e+00 2.640177179043348588e+00 2.640177179043348588e+00 2.640177179043348588e+00 2.640177179043348588e+00
-3.093522084453863119e+00 -3.093522084453863119e+00 -2.557599919799750765e+00 -2.308178133636201057e+00 -2.308178133636201057e+00 2.831289962638411373e-01 2.831289962638411373e-01 2.831289962638411373e-01 7.914447285830711332e-01 2.010021382001191181e+00 3.289944770575561783e+00 3.289944770575561783e+00 3.289944770575561783e+00 3.289944770575561783e+00 3.289944770575561783e+00 3.289944770575561783e+00 3.289944770575561783e+00 3.289944770575561783e+00 3.289944770575561783e+00 3.289944770575561783e+00
3.915433411392639673e+00 3.915433411392639673e+00 3.915433411392639673e+00 3.915433411392639673e+00 3.915433411392639673e+00 3.915433411392639673e+00 3.915433411392639673e+00 3.915433411392639673e+00 3.915433411392639673e+00 3.915433411392639673e+00 3.915433411392639673e+00 4.273446785450021324e+00 4.273446785450021324e+00 4.273446785450021324e+00 4.273446785450021324e+00 4.273446785450021324e+00 4.273446785450021324e+00 4.273446785450021324e+00 4.273446785450021324e+00 4.273446785450021324e+00
6.314604983941098482e+00 6.314604983941098482e+00 6.314604983941098482e+00 6.314604983941098482e+00 6.314604983941098482e+00 6.314604983941098482e+00 6.314604983941098482e+00 6.314604983941098482e+00 6.314604983941098482e+00 6.837691874915059032e+00 6.837691874915059032e+00 6.837691874915059032e+00 6.837691874915059032e+00 6.837691874915059032e+00 6.837691874915059032e+00 6.837691874915059032e+00 6.837691874915059032e+00 6.837691874915059032e+00 6.837691874915059032e+00 6.837691874915059032e+00
3.508612274363017036e+00 3.508612274363017036e+00 3.508612274363017036e+00 3.508612274363017036e+00 3.508612274363017036e+00 3.508612274363017036e+00 3.508612274363017036e+00 3.508612274363017036e+00 3.508612274363017036e+00 3.508612274363017036e+00 3.508612274363017036e+00 3.508612274363017036e+00 3.508612274363017036e+00 3.508612274363017036e+00 3.508612274363017036e+00 3.508612274363017036e+00 3.508612274363017036e+00 3.508612274363017036e+00 3.508612274363017036e+00 3.508612274363017036e+00
-2.597106832643407692e+00 -2.597106832643407692e+00 -2.597106832643407692e+00 -2.597106832643407692e+00 -2.270518817800998290e-01 6.618838064221760353e-01 6.618838064221760353e-01 6.618838064221760353e-01 6.618838064221760353e-01 6.618838064221760353e-01 6.618838064221760353e-01 6.618838064221760353e-01 6.618838064221760353e-01 6.618838064221760353e-01 6.618838064221760353e-01 6.618838064221760353e-01 6.618838064221760353e-01 6.618838064221760353e-01 6.618838064221760353e-01 6.618838064221760353e-01
-9.321209232830901525e-01 -9.321209232830901525e-01 6.468643864993700587e-01 6.622154630487029348e-01 6.622154630487029348e-01 6.622154630487029348e-01 6.622154630487029348e-01 6.724424958244928918e-01 2.625092759768099526e+00 2.625092759768099526e+00 2.633655300903752217e+00 2.882907036656742861e+00 2.882907036656742861e+00 2.882907036656742861e+00 2.882907036656742861e+00 2.882907036656742861e+00 2.882907036656742861e+00 2.882907036656742861e+00 2.882907036656742861e+00 2.882907036656742861e+00
1.446418006212269791e+00 1.446418006212269791e+00 1.446418006212269791e+00 1.446418006212269791e+00 1.446418006212269791e+00 1.790227810341038950e+00 1.790227810341038950e+00 1.790227810341038950e+00 2.112783429991095474e+00 2.400592495861761044e+00 2.400592495861761044e+00 2.400592495861761044e+00 2.568549802609323418e+00 2.568549802609323418e+00 2.568549802609323418e+00 2.568549802609323418e+00 2.568549802609323418e+00 2.568549802609323418e+00 2.751032857704990064e+00 2.751032857704990064e+00
7.006134991481166585e-02 8.265567408841288932e-01 9.035467590849288744e-01 2.122223651559488555e+00 2.122223651559488555e+00 2.122223651559488555e+00 2.122223651559488555e+00 2.122223651559488555e+00 2.122223651559488555e+00 2.122223651559488555e+00 2.122223651559488555e+00 2.122223651559488555e+00 2.122223651559488555e+00 2.122223651559488555e+00 2.122223651559488555e+00 2.122223651559488555e+00 2.122223651559488555e+00 2.122223651559488555e+00 2.122223651559488555e+00 2.122223651559488555e+00
9.447617992087694594e-01 1.100903550658670849e+00 1.100903550658670849e+00 1.100903550658670849e+00 1.100903550658670849e+00 1.100903550658670849e+00 1.100903550658670849e+00 1.100903550658670849e+00 1.192939815008495330e+00 1.192939815008495330e+00 1.192939815008495330e+00 1.192939815008495330e+00 1.192939815008495330e+00 1.192939815008495330e+00 1.192939815008495330e+00 1.192939815008495330e+00 1.192939815008495330e+00 1.192939815008495330e+00 1.192939815008495330e+00 1.192939815008495330e+00
1.566537274521548895e+00 3.222935613396667787e+00 3.599850293677793633e+00 3.599850293677793633e+00 3.599850293677793633e+00 3.599850293677793633e+00 3.677789419536299675e+00 3.677789419536299675e+00 3.677789419536299675e+00 3.677789419536299675e+00 3.677789419536299675e+00 3.738643065078568473e+00 3.738643065078568473e+00 3.738643065078568473e+00 3.839671632439220161e+00 3.839671632439220161e+00 3.839671632439220161e+00 3.839671632439220161e+00 3.839671632439220161e+00 3.839671632439220161e+00
-1.539758604615818927e+00 -8.883061512123301418e-01 1.192252477121095389e+00 1.192252477121095389e+00 1.192252477121095389e+00 1.192252477121095389e+00 1.192252477121095389e+00 1.192252477121095389e+00 1.192252477121095389e+00 1.192252477121095389e+00 1.192252477121095389e+00 3.081916654288069601e+00 3.081916654288069601e+00 3.081916654288069601e+00 3.955996617140868921e+00 3.955996617140868921e+00 3.955996617140868921e+00 3.955996617140868921e+00 3.955996617140868921e+00 4.128065616255446990e+00
1.111767423398654975e+00 1.321542214081144584e+00 2.168583356277015817e+00 2.168583356277015817e+00 2.273541599642066036e+00 2.273541599642066036e+00 2.273541599642066036e+00 2.273541599642066036e+00 2.273541599642066036e+00 2.273541599642066036e+00 2.273541599642066036e+00 2.273541599642066036e+00 2.994779984068117518e+00 2.994779984068117518e+00 3.068446595840221391e+00 3.068446595840221391e+00 3.068446595840221391e+00 3.068446595840221391e+00 3.068446595840221391e+00 3.068446595840221391e+00
6.727349925037389156e-01 6.727349925037389156e-01 1.590328480049020943e+00 1.590328480049020943e+00 1.590328480049020943e+00 2.575196292146579857e+00 2.861837136179867347e+00 3.349882035041303219e+00 3.349882035041303219e+00 3.680184811812101664e+00 3.680184811812101664e+00 3.680184811812101664e+00 3.680184811812101664e+00 3.680184811812101664e+00 3.680184811812101664e+00 3.680184811812101664e+00 3.680184811812101664e+00 3.680184811812101664e+00 3.680184811812101664e+00 3.680184811812101664e+00
-1.080625439305085367e+00 -1.080625439305085367e+00 -1.080625439305085367e+00 -1.080625439305085367e+00 -1.080625439305085367e+00 -1.080625439305085367e+00 -1.080625439305085367e+00 -9.808299025064843857e-01 -9.808299025064843857e-01 -9.808299025064843857e-01 -9.808299025064843857e-01 -8.922054697634693721e-01 -8.922054697634693721e-01 -8.922054697634693721e-01 -8.922054697634693721e-01 -5.336460937336364729e-01 -5.336460937336364729e-01 -5.336460937336364729e-01 -5.336460937336364729e-01 -5.336460937336364729e-01
-6.830573120971751289e-01 -6.830573120971751289e-01 2.436820321457227323e-01 2.436820321457227323e-01 2.436820321457227323e-01 5.325525669277335616e-01 5.325525669277335616e-01 1.250026849125616124e+00 1.250026849125616124e+00 1.250026849125616124e+00 1.250026849125616124e+00 1.250026849125616124e+00 1.250026849125616124e+00 1.250026849125616124e+00 1.250026849125616124e+00 1.250026849125616124e+00 1.250026849125616124e+00 1.250026849125616124e+00 2.346684663121683556e+00 2.792213823301578302e+00
1.160384482691948271e+00 1.160384482691948271e+00 1.160384482691948271e+00 1.160384482691948271e+00 1.160384482691948271e+00 1.160384482691948271e+00 1.160384482691948271e+00 1.160384482691948271e+00 1.160384482691948271e+00 1.160384482691948271e+00 1.160384482691948271e+00 1.160384482691948271e+00 1.160384482691948271e+00 1.160384482691948271e+00 1.262178238062639180e+00 2.822709570733717754e+00 2.822709570733717754e+00 2.822709570733717754e+00 2.894961732360763040e+00 2.894961732360763040e+00
-2.893576858905533289e+00 -2.437357907164136694e+00 -2.135025887522120414e+00 -2.135025887522120414e+00 -6.709675214559683853e-01 -6.709675214559683853e-01 -6.709675214559683853e-01 -6.709675214559683853e-01 -6.709675214559683853e-01 -6.709675214559683853e-01 -6.709675214559683853e-01 -6.709675214559683853e-01 -6.709675214559683853e-01 -6.709675214559683853e-01 -6.709675214559683853e-01 -6.709675214559683853e-01 -6.709675214559683853e-01 -6.709675214559683853e-01 -6.709675214559683853e-01 -6.709675214559683853e-01
1.155437292174503749e+00 1.155437292174503749e+00 1.155437292174503749e+00 1.728811716304922586e+00 1.728811716304922586e+00 1.728811716304922586e+00 2.517472842348959627e+00 2.517472842348959627e+00 2.617820211754389170e+00 2.617820211754389170e+00 2.617820211754389170e+00 2.617820211754389170e+00 3.592015574426239866e+00 3.592015574426239866e+00 3.592015574426239866e+00 3.592015574426239866e+00 3.592015574426239866e+00 3.592015574426239866e+00 3.592015574426239866e+00 3.961124310386638481e+00
1.172337363488289652e+00 1.172337363488289652e+00 1.598504928784729939e+00 1.598504928784729939e+00 1.598504928784729939e+00 1.598504928784729939e+00 1.598504928784729939e+00 1.598504928784729939e+00 1.598504928784729939e+00 1.598504928784729939e+00 1.598504928784729939e+00 1.598504928784729939e+00 1.598504928784729939e+00 1.598504928784729939e+00 1.598504928784729939e+00 1.598504928784729939e+00 2.025496584296688329e+00 2.025496584296688329e+00 2.025496584296688329e+00 2.482542469806245045e+00
-5.882164631332442717e-01 -5.882164631332442717e-01 -5.882164631332442717e-01 -5.882164631332442717e-01 -5.882164631332442717e-01 -5.882164631332442717e-01 -5.882164631332442717e-01 -5.882164631332442717e-01 5.674023833441471654e-01 5.674023833441471654e-01 1.250304199114131487e+00 1.250304199114131487e+00 1.250304199114131487e+00 1.250304199114131487e+00 1.250304199114131487e+00 1.250304199114131487e+00 3.999552338019893405e+00 3.999552338019893405e+00 3.999552338019893405e+00 3.999552338019893405e+00
1.748477512684385449e+00 1.748477512684385449e+00 1.748477512684385449e+00 1.748477512684385449e+00 1.748477512684385449e+00 1.748477512684385449e+00 1.748477512684385449e+00 1.748477512684385449e+00 1.748477512684385449e+00 1.748477512684385449e+00 1.748477512684385449e+00 1.748477512684385449e+00 1.748477512684385449e+00 1.748477512684385449e+00 1.748477512684385449e+00 1.984115613232445785e+00 1.984115613232445785e+00 1.984115613232445785e+00 1.984115613232445785e+00 1.984115613232445785e+00
-2.681997457657352424e-01 -2.681997457657352424e-01 1.542055845982660101e+00 1.542055845982660101e+00 1.542055845982660101e+00 1.542055845982660101e+00 1.542055845982660101e+00 1.542055845982660101e+00 1.542055845982660101e+00 1.542055845982660101e+00 1.542055845982660101e+00 1.542055845982660101e+00 1.542055845982660101e+00 1.542055845982660101e+00 1.542055845982660101e+00 1.542055845982660101e+00 1.542055845982660101e+00 2.025828691085320266e+00 2.025828691085320266e+00 2.025828691085320266e+00
1.118384740883142214e+00 1.118384740883142214e+00 1.118384740883142214e+00 1.118384740883142214e+00 1.706219529579399152e+00 1.706219529579399152e+00 1.706219529579399152e+00 1.706219529579399152e+00 1.706219529579399152e+00 1.706219529579399152e+00 1.905070001235251498e+00 1.905070001235251498e+00 1.905070001235251498e+00 1.905070001235251498e+00 1.905070001235251498e+00 1.905070001235251498e+00 1.905070001235251498e+00 1.905070001235251498e+00 1.905070001235251498e+00 3.014081434375883717e+00
7.375601871676932264e-01 7.375601871676932264e-01 7.375601871676932264e-01 7.375601871676932264e-01 7.375601871676932264e-01 7.375601871676932264e-01 7.375601871676932264e-01 8.900362531160255219e-01 8.900362531160255219e-01 1.647446907030024388e+00 1.647446907030024388e+00 1.647446907030024388e+00 1.647446907030024388e+00 1.647446907030024388e+00 1.647446907030024388e+00 1.647446907030024388e+00 1.647446907030024388e+00 1.647446907030024388e+00 1.647446907030024388e+00 1.647446907030024388e+00
1.806352129698308717e+00 1.806352129698308717e+00 1.806352129698308717e+00 1.806352129698308717e+00 2.735779107459215265e+00 2.735779107459215265e+00 2.735779107459215265e+00 2.735779107459215265e+00 2.735779107459215265e+00 2.735779107459215265e+00 2.735779107459215265e+00 2.735779107459215265e+00 2.735779107459215265e+00 2.735779107459215265e+00 2.735779107459215265e+00 2.735779107459215265e+00 2.735779107459215265e+00 2.735779107459215265e+00 2.735779107459215265e+00 2.735779107459215265e+00
-4.422550083570249591e+00 -4.422550083570249591e+00 -3.587174914328612019e+00 -3.587174914328612019e+00 -2.717947316918841949e+00 1.355576653807423648e+00 1.705672311448708012e+00 1.705672311448708012e+00 1.705672311448708012e+00 1.705672311448708012e+00 1.705672311448708012e+00 1.705672311448708012e+00 1.705672311448708012e+00 1.705672311448708012e+00 1.705672311448708012e+00 1.705672311448708012e+00 1.705672311448708012e+00 1.705672311448708012e+00 1.705672311448708012e+00 1.705672311448708012e+00
-2.241903400041426409e+00 -1.639326932465735354e+00 -1.639326932465735354e+00 -1.639326932465735354e+00 -1.639326932465735354e+00 -1.639326932465735354e+00 -1.639326932465735354e+00 -1.639326932465735354e+00 -1.639326932465735354e+00 1.932816024210008976e-01 1.932816024210008976e-01 1.932816024210008976e-01 1.932816024210008976e-01 1.932816024210008976e-01 1.932816024210008976e-01 1.932816024210008976e-01 1.932816024210008976e-01 1.932816024210008976e-01 8.246310845228496111e-01 9.486521203189706153e-01
-9.603168588475106127e-01 -9.603168588475106127e-01 -9.603168588475106127e-01 -4.465814723447041890e-01 -4.465814723447041890e-01 -4.465814723447041890e-01 -4.465814723447041890e-01 -4.465814723447041890e-01 -4.465814723447041890e-01 -4.465814723447041890e-01 -4.465814723447041890e-01 -4.465814723447041890e-01 -4.465814723447041890e-01 -4.465814723447041890e-01 -4.465814723447041890e-01 2.143313972651380295e-01 2.143313972651380295e-01 2.143313972651380295e-01 2.143313972651380295e-01 2.143313972651380295e-01
-7.666428599823529311e-01 -7.666428599823529311e-01 -6.341073471665568118e-01 2.130683858695062050e+00 2.470880449182625505e+00 2.470880449182625505e+00 3.052246908666579106e+00 3.052246908666579106e+00 3.052246908666579106e+00 3.052246908666579106e+00 3.052246908666579106e+00 3.052246908666579106e+00 3.052246908666579106e+00 3.052246908666579106e+00 3.844490563852876797e+00 3.844490563852876797e+00 3.844490563852876797e+00 3.844490563852876797e+00 3.844490563852876797e+00 3.844490563852876797e+00
-6.577065003702078361e-01 -6.577065003702078361e-01 -6.577065003702078361e-01 -6.577065003702078361e-01 -6.577065003702078361e-01 -6.577065003702078361e-01 -6.577065003702078361e-01 -6.577065003702078361e-01 1.025747573366840193e+00 1.147237500633160767e+00 1.147237500633160767e+00 1.147237500633160767e+00 1.860264921137408489e+00 1.860264921137408489e+00 1.860264921137408489e+00 1.860264921137408489e+00 1.860264921137408489e+00 2.053852157184009819e+00 2.053852157184009819e+00 2.053852157184009819e+00
2.409938470471233884e+00 2.413430219905160712e+00 2.413430219905160712e+00 2.413430219905160712e+00 2.413430219905160712e+00 2.413430219905160712e+00 2.413430219905160712e+00 2.413430219905160712e+00 2.413430219905160712e+00 2.413430219905160712e+00 2.413430219905160712e+00 2.413430219905160712e+00 2.493569195676122341e+00 2.493569195676122341e+00 2.493569195676122341e+00 2.493569195676122341e+00 2.493569195676122341e+00 2.493569195676122341e+00 2.493569195676122341e+00 2.493569195676122341e+00
4.776891000247586838e+00 4.776891000247586838e+00 4.776891000247586838e+00 4.776891000247586838e+00 4.776891000247586838e+00 4.776891000247586838e+00 4.776891000247586838e+00 4.776891000247586838e+00 4.776891000247586838e+00 4.776891000247586838e+00 4.776891000247586838e+00 4.776891000247586838e+00 4.776891000247586838e+00 4.776891000247586838e+00 4.776891000247586838e+00 4.776891000247586838e+00 4.776891000247586838e+00 4.776891000247586838e+00 4.776891000247586838e+00 4.776891000247586838e+00
2.335041635351804423e+00 4.185056926635873253e+00 5.499965781045124125e+00 5.499965781045124125e+00 5.499965781045124125e+00 5.499965781045124125e+00 5.499965781045124125e+00 5.499965781045124125e+00 5.499965781045124125e+00 5.499965781045124125e+00 5.499965781045124125e+00 5.499965781045124125e+00 5.830569739151478359e+00 5.830569739151478359e+00 5.830569739151478359e+00 5.830569739151478359e+00 5.830569739151478359e+00 5.830569739151478359e+00 5.830569739151478359e+00 5.830569739151478359e+00
