1.792589105532224947e+00 1.792589105532224947e+00 1.792589105532224947e+00 1.792589105532224947e+00 1.863110914826188846e+00 1.863110914826188846e+00 1.863110914826188846e+00 2.147112195039014182e+00 2.870323440555186068e+00 2.870323440555186068e+00 2.870323440555186068e+00 2.870323440555186068e+00 2.870323440555186068e+00 3.077699444697568509e+00 3.077699444697568509e+00 3.077699444697568509e+00 3.077699444697568509e+00 3.077699444697568509e+00 3.077699444697568509e+00 3.077699444697568509e+00
3.814180170759161825e+00 3.814180170759161825e+00 3.814180170759161825e+00 3.814180170759161825e+00 3.814180170759161825e+00 3.962165665779558754e+00 3.962165665779558754e+00 4.019249155390311579e+00 4.019249155390311579e+00 4.019249155390311579e+00 4.019249155390311579e+00 4.019249155390311579e+00 4.019249155390311579e+00 4.019249155390311579e+00 4.019249155390311579e+00 4.019249155390311579e+00 4.019249155390311579e+00 4.019249155390311579e+00 4.019249155390311579e+00 4.047717979190216475e+00
9.136784903329141505e-01 2.069004844101494545e+00 2.359356701171952952e+00 2.359356701171952952e+00 2.359356701171952952e+00 2.567047237446251629e+00 2.567047237446251629e+00 2.567047237446251629e+00 2.567047237446251629e+00 2.644331128621973281e+00 2.644331128621973281e+00 2.644331128621973281e+00 2.644331128621973281e+00 3.000149182684973770e+00 3.000149182684973770e+00 3.000149182684973770e+00 3.000149182684973770e+00 3.000149182684973770e+00 3.000149182684973770e+00 3.000149182684973770e+00
-4.140947553008733628e-01 4.624658306111286699e-01 4.624658306111286699e-01 4.624658306111286699e-01 4.624658306111286699e-01 9.703885842283999086e-01 9.703885842283999086e-01 9.703885842283999086e-01 9.703885842283999086e-01 1.018009165864659060e+00 1.018009165864659060e+00 1.018009165864659060e+00 1.018009165864659060e+00 1.018009165864659060e+00 1.018009165864659060e+00 1.018009165864659060e+00 1.018009165864659060e+00 1.018009165864659060e+00 1.169083499488815514e+00 1.169083499488815514e+00
-1.130030467619814516e+00 -3.978580544636137750e-01 -3.978580544636137750e-01 2.759166910415151719e-01 1.714934482382454384e+00 2.748338058913796011e+00 2.748338058913796011e+00 3.187184557576768107e+00 3.187184557576768107e+00 3.187184557576768107e+00 3.187184557576768107e+00 3.187184557576768107e+00 3.187184557576768107e+00 3.187184557576768107e+00 3.187184557576768107e+00 3.187184557576768107e+00 3.187184557576768107e+00 3.187184557576768107e+00 3.187184557576768107e+00 3.187184557576768107e+00
2.733897719659119652e+00 3.019202005825927237e+00 3.019202005825927237e+00 3.645905479026756435e+00 3.645905479026756435e+00 3.645905479026756435e+00 3.645905479026756435e+00 3.645905479026756435e+00 3.645905479026756435e+00 3.645905479026756435e+00 3.645905479026756435e+00 3.645905479026756435e+00 3.645905479026756435e+00 3.645905479026756435e+00 3.645905479026756435e+00 3.645905479026756435e+00 3.645905479026756435e+00 3.645905479026756435e+00 3.645905479026756435e+00 3.645905479026756435e+00
-1.175175374867050149e+00 -1.175175374867050149e+00 -2.036469037390279124e-01 -2.036469037390279124e-01 7.732378684693208548e-01 7.732378684693208548e-01 7.732378684693208548e-01 7.732378684693208548e-01 7.732378684693208548e-01 7.732378684693208548e-01 7.732378684693208548e-01 7.732378684693208548e-01 7.732378684693208548e-01 7.732378684693208548e-01 7.732378684693208548e-01 7.732378684693208548e-01 7.732378684693208548e-01 7.732378684693208548e-01 7.732378684693208548e-01 7.732378684693208548e-01
5.227428860699973034e-01 5.227428860699973034e-01 5.227428860699973034e-01 5.227428860699973034e-01 5.227428860699973034e-01 7.516241677692606649e-01 7.516241677692606649e-01 7.516241677692606649e-01 7.516241677692606649e-01 7.516241677692606649e-01 7.516241677692606649e-01 7.516241677692606649e-01 7.516241677692606649e-01 7.516241677692606649e-01 7.516241677692606649e-01 1.318581754624941649e+00 1.318581754624941649e+00 1.778066624900670245e+00 2.205645044619685802e+00 2.205645044619685802e+00
-5.116499706926410873e+00 1.603666522216898649e+00 1.603666522216898649e+00 2.342506161184111591e+00 2.342506161184111591e+00 2.342506161184111591e+00 2.342506161184111591e+00 2.342506161184111591e+00 2.342506161184111591e+00 2.342506161184111591e+00 2.342506161184111591e+00 2.342506161184111591e+00 2.342506161184111591e+00 2.342506161184111591e+00 2.342506161184111591e+00 2.342506161184111591e+00 2.342506161184111591e+00 2.342506161184111591e+00 2.342506161184111591e+00 2.342506161184111591e+00
1.649655559408887306e+00 1.649655559408887306e+00 1.649655559408887306e+00 1.649655559408887306e+00 1.649655559408887306e+00 1.649655559408887306e+00 1.666505538185162338e+00 1.666505538185162338e+00 1.666505538185162338e+00 1.666505538185162338e+00 1.666505538185162338e+00 1.666505538185162338e+00 1.666505538185162338e+00 1.666505538185162338e+00 1.666505538185162338e+00 1.666505538185162338e+00 1.666505538185162338e+00 1.666505538185162338e+00 1.666505538185162338e+00 1.727000334288879113e+00
1.165149323252727465e+00 1.420867666228690762e+00 1.420867666228690762e+00 1.420867666228690762e+00 1.611818566663635099e+00 1.611818566663635099e+00 3.111511340709153028e+00 3.111511340709153028e+00 3.111511340709153028e+00 3.111511340709153028e+00 3.111511340709153028e+00 3.111511340709153028e+00 3.111511340709153028e+00 3.111511340709153028e+00 3.111511340709153028e+00 3.111511340709153028e+00 4.324752231310944772e+00 4.324752231310944772e+00 4.324752231310944772e+00 4.324752231310944772e+00
4.565410774852998177e-01 4.565410774852998177e-01 6.671415241330853618e-01 2.271311187170104162e+00 2.304763678382986569e+00 2.321717970236407247e+00 2.321717970236407247e+00 2.336538427814228935e+00 2.381381710659953299e+00 2.381381710659953299e+00 2.381381710659953299e+00 2.452003289629974603e+00 2.452003289629974603e+00 2.518162153641254175e+00 2.664868913687925556e+00 2.664868913687925556e+00 3.003217988609460321e+00 3.438199650246663186e+00 3.438199650246663186e+00 3.438199650246663186e+00
2.123400606189203899e+00 2.123400606189203899e+00 2.123400606189203899e+00 2.123400606189203899e+00 2.123400606189203899e+00 2.123400606189203899e+00 2.123400606189203899e+00 2.123400606189203899e+00 2.123400606189203899e+00 2.123400606189203899e+00 2.123400606189203899e+00 2.123400606189203899e+00 2.123400606189203899e+00 2.123400606189203899e+00 2.123400606189203899e+00 2.123400606189203899e+00 2.123400606189203899e+00 2.123400606189203899e+00 2.123400606189203899e+00 2.705020330495639058e+00
1.992538089217134489e+00 1.992538089217134489e+00 1.992538089217134489e+00 1.992538089217134489e+00 2.617680281979742229e+00 2.700752048522559789e+00 2.700752048522559789e+00 2.700752048522559789e+00 2.700752048522559789e+00 2.700752048522559789e+00 2.700752048522559789e+00 2.700752048522559789e+00 2.700752048522559789e+00 3.678087600050933936e+00 3.678087600050933936e+00 3.678087600050933936e+00 3.678087600050933936e+00 3.678087600050933936e+00 3.678087600050933936e+00 3.678087600050933936e+00
7.577605863167041766e-01 8.571025575268504948e-01 1.298330919280223483e+00 1.298330919280223483e+00 1.298330919280223483e+00 1.298330919280223483e+00 1.298330919280223483e+00 1.298330919280223483e+00 1.298330919280223483e+00 1.298330919280223483e+00 1.298330919280223483e+00 1.606063095918714767e+00 1.606063095918714767e+00 1.606063095918714767e+00 1.606063095918714767e+00 1.606063095918714767e+00 1.606063095918714767e+00 1.606063095918714767e+00 1.606063095918714767e+00 1.606063095918714767e+00
-2.010866451300851843e+00 -2.010866451300851843e+00 -2.010866451300851843e+00 -2.010866451300851843e+00 -1.683374067446089306e+00 -1.683374067446089306e+00 -1.683374067446089306e+00 -7.752442753961985566e-01 1.165575249859235329e+00 1.165575249859235329e+00 1.165575249859235329e+00 1.534042673869898454e+00 2.665922859174922444e+00 3.345428107678183771e+00 3.345428107678183771e+00 3.345428107678183771e+00 3.345428107678183771e+00 3.449041149205040124e+00 3.449041149205040124e+00 3.449041149205040124e+00
1.110524542935632741e+00 1.110524542935632741e+00 1.561095553157328064e+00 1.561095553157328064e+00 1.561095553157328064e+00 1.561095553157328064e+00 1.561095553157328064e+00 1.561095553157328064e+00 1.561095553157328064e+00 1.936761825587811181e+00 1.936761825587811181e+00 1.936761825587811181e+00 2.131816285225604624e+00 2.131816285225604624e+00 2.131816285225604624e+00 2.131816285225604624e+00 4.049737762871271407e+00 4.049737762871271407e+00 4.049737762871271407e+00 4.049737762871271407e+00
9.081578570611031909e-01 9.081578570611031909e-01 9.081578570611031909e-01 9.081578570611031909e-01 9.081578570611031909e-01 9.081578570611031909e-01 9.081578570611031909e-01 9.081578570611031909e-01 1.004582627765774561e+00 1.004582627765774561e+00 1.004582627765774561e+00 1.175275879603694396e+00 1.860755347772191648e+00 1.860755347772191648e+00 2.240900866622308030e+00 2.240900866622308030e+00 2.240900866622308030e+00 2.240900866622308030e+00 2.240900866622308030e+00 2.240900866622308030e+00
-4.564246634592586283e+00 -3.867871401858709923e+00 -3.867871401858709923e+00 -3.775969437188311240e+00 -3.137017788679477448e+00 -2.730749532883148589e+00 -2.142454909386502404e+00 -2.142454909386502404e+00 -2.064971447294740692e+00 -2.064971447294740692e+00 2.010693095126582008e+00 2.010693095126582008e+00 2.131448180627579791e+00 2.131448180627579791e+00 2.131448180627579791e+00 2.131448180627579791e+00 2.131448180627579791e+00 2.156431911486646591e+00 2.156431911486646591e+00 2.156431911486646591e+00
-3.852243587875976871e+00 -3.852243587875976871e+00 -3.852243587875976871e+00 -1.593032984953406395e+00 -1.473907901553665134e+00 -1.473907901553665134e+00 -1.473907901553665134e+00 -3.604013825386147563e-01 -3.604013825386147563e-01 -3.604013825386147563e-01 -3.604013825386147563e-01 2.777910244151721164e-01 5.092985842713163569e-01 5.092985842713163569e-01 5.092985842713163569e-01 5.092985842713163569e-01 8.612894066929224213e-01 8.612894066929224213e-01 8.612894066929224213e-01 8.612894066929224213e-01
9.572842980766530507e-01 9.572842980766530507e-01 9.572842980766530507e-01 9.572842980766530507e-01 9.572842980766530507e-01 9.572842980766530507e-01 9.572842980766530507e-01 9.572842980766530507e-01 9.572842980766530507e-01 9.572842980766530507e-01 9.572842980766530507e-01 1.039971440860681051e+00 1.544781097581892748e+00 1.544781097581892748e+00 1.544781097581892748e+00 2.217147289257722420e+00 2.831805181625027146e+00 2.831805181625027146e+00 2.831805181625027146e+00 2.831805181625027146e+00
-3.107889840265150028e+00 -3.107889840265150028e+00 -3.107889840265150028e+00 -3.107889840265150028e+00 -3.107889840265150028e+00 -3.107889840265150028e+00 -8.045449151788093278e-01 -8.045449151788093278e-01 -8.045449151788093278e-01 -8.045449151788093278e-01 -8.045449151788093278e-01 -8.045449151788093278e-01 -4.715737953745396394e-01 1.780235710231774515e-01 6.479649668864091439e-01 6.479649668864091439e-01 6.479649668864091439e-01 6.479649668864091439e-01 6.479649668864091439e-01 6.479649668864091439e-01
2.566279375675926566e+00 2.566279375675926566e+00 2.566279375675926566e+00 2.566279375675926566e+00 3.017156726897216146e+00 3.017156726897216146e+00 3.017156726897216146e+00 3.017156726897216146e+00 3.017156726897216146e+00 3.017156726897216146e+00 3.017156726897216146e+00 3.017156726897216146e+00 3.017156726897216146e+00 3.017156726897216146e+00 3.017156726897216146e+00 3.017156726897216146e+00 3.957191443206549586e+00 3.957191443206549586e+00 3.957191443206549586e+00 3.957191443206549586e+00
2.204408274840716775e+00 2.204408274840716775e+00 2.204408274840716775e+00 3.016467118354939636e+00 3.016467118354939636e+00 3.016467118354939636e+00 3.460489402658428748e+00 3.460489402658428748e+00 3.460489402658428748e+00 3.460489402658428748e+00 3.460489402658428748e+00 3.460489402658428748e+00 3.460489402658428748e+00 3.798018749317580767e+00 3.798018749317580767e+00 3.798018749317580767e+00 3.798018749317580767e+00 3.798018749317580767e+00 3.798018749317580767e+00 3.798018749317580767e+00
3.031193326014314682e+00 3.031193326014314682e+00 4.725410171105068002e+00 4.972083813481069647e+00 6.244811113469248554e+00 6.244811113469248554e+00 6.244811113469248554e+00 6.244811113469248554e+00 6.244811113469248554e+00 6.244811113469248554e+00 6.244811113469248554e+00 6.244811113469248554e+00 6.244811113469248554e+00 6.244811113469248554e+00 6.244811113469248554e+00 6.244811113469248554e+00 6.244811113469248554e+00 6.244811113469248554e+00 6.244811113469248554e+00 6.244811113469248554e+00
-2.320347120858363699e+00 -2.890612841178528125e-01 2.601802705069360400e-01 2.601802705069360400e-01 2.601802705069360400e-01 2.601802705069360400e-01 2.601802705069360400e-01 5.712102666305736154e-01 7.349757368320122275e-01 7.349757368320122275e-01 7.349757368320122275e-01 7.349757368320122275e-01 7.349757368320122275e-01 7.349757368320122275e-01 7.349757368320122275e-01 9.834100061345529831e-01 1.892505233036532175e+00 1.892505233036532175e+00 1.892505233036532175e+00 1.892505233036532175e+00
2.366323079315438171e+00 2.366323079315438171e+00 2.366323079315438171e+00 2.424444556268704254e+00 2.424444556268704254e+00 2.424444556268704254e+00 2.424444556268704254e+00 2.424444556268704254e+00 2.466605438563588493e+00 2.466605438563588493e+00 2.466605438563588493e+00 2.466605438563588493e+00 2.466605438563588493e+00 4.420950516331532576e+00 4.420950516331532576e+00 4.420950516331532576e+00 5.248591983267645311e+00 5.248591983267645311e+00 5.248591983267645311e+00 5.248591983267645311e+00
-3.860631351996361982e+00 -3.689468983315713935e+00 -3.170933734350971811e+00 -3.170933734350971811e+00 -2.457653663662215937e+00 -2.077270524404800867e+00 -7.198894399139403877e-01 -7.198894399139403877e-01 7.260069216339698484e-02 1.574357595387310127e-01 1.574357595387310127e-01 1.574357595387310127e-01 5.540844100271847816e-01 5.540844100271847816e-01 5.540844100271847816e-01 5.540844100271847816e-01 5.540844100271847816e-01 5.540844100271847816e-01 1.269356392514604304e+00 1.269356392514604304e+00
1.244431144451306981e+00 1.244431144451306981e+00 1.244431144451306981e+00 1.244431144451306981e+00 1.244431144451306981e+00 1.244431144451306981e+00 1.244431144451306981e+00 1.244431144451306981e+00 1.244431144451306981e+00 1.244431144451306981e+00 1.244431144451306981e+00 1.244431144451306981e+00 1.244431144451306981e+00 1.244431144451306981e+00 1.244431144451306981e+00 1.244431144451306981e+00 1.244431144451306981e+00 1.244431144451306981e+00 1.244431144451306981e+00 1.244431144451306981e+00
1.427717056332026280e+00 1.427717056332026280e+00 1.427717056332026280e+00 2.165935633765158297e+00 2.165935633765158297e+00 2.165935633765158297e+00 2.165935633765158297e+00 2.165935633765158297e+00 2.165935633765158297e+00 3.894958651089005741e+00 3.894958651089005741e+00 3.894958651089005741e+00 3.894958651089005741e+00 4.084287921086585449e+00 4.090526428399749115e+00 4.090526428399749115e+00 4.090526428399749115e+00 4.090526428399749115e+00 4.090526428399749115e+00 4.090526428399749115e+00
2.709075425443840057e+00 2.709075425443840057e+00 2.709075425443840057e+00 2.709075425443840057e+00 2.709075425443840057e+00 2.856287829736483097e+00 2.856287829736483097e+00 4.400578925557429244e+00 4.400578925557429244e+00 4.400578925557429244e+00 4.400578925557429244e+00 4.400578925557429244e+00 4.400578925557429244e+00 4.400578925557429244e+00 4.400578925557429244e+00 4.400578925557429244e+00 4.400578925557429244e+00 4.400578925557429244e+00 9.272539125937223403e+00 9.272539125937223403e+00
3.454305065420275156e+00 3.509540424710089201e+00 3.726069121222929770e+00 3.726069121222929770e+00 3.726069121222929770e+00 3.777130499971299571e+00 3.777130499971299571e+00 3.777130499971299571e+00 3.777130499971299571e+00 3.823616872443547976e+00 3.823616872443547976e+00 3.823616872443547976e+00 3.823616872443547976e+00 4.183462988259467608e+00 4.183462988259467608e+00 4.183462988259467608e+00 4.183462988259467608e+00 4.183462988259467608e+00 4.183462988259467608e+00 4.183462988259467608e+00
2.507453897135115461e+00 2.507453897135115461e+00 2.507453897135115461e+00 2.507453897135115461e+00 2.507453897135115461e+00 2.507453897135115461e+00 2.507453897135115461e+00 2.507453897135115461e+00 2.507453897135115461e+00 2.507453897135115461e+00 2.507453897135115461e+00 2.507453897135115461e+00 2.507453897135115461e+00 2.507453897135115461e+00 2.507453897135115461e+00 2.507453897135115461e+00 2.507453897135115461e+00 2.507453897135115461e+00 2.507453897135115461e+00 2.507453897135115461e+00
1.470377896976923449e+00 1.470377896976923449e+00 1.470377896976923449e+00 1.470377896976923449e+00 1.546032459268830594e+00 1.546032459268830594e+00 2.991576965328847315e+00 2.991576965328847315e+00 2.991576965328847315e+00 2.991576965328847315e+00 2.991576965328847315e+00 3.373022733050158095e+00 3.373022733050158095e+00 3.373022733050158095e+00 4.227832382401184752e+00 4.227832382401184752e+00 4.227832382401184752e+00 4.227832382401184752e+00 4.227832382401184752e+00 4.227832382401184752e+00
2.409743543296397394e+00 2.409743543296397394e+00 2.409743543296397394e+00 2.409743543296397394e+00 2.574898923503326831e+00 2.574898923503326831e+00 2.574898923503326831e+00 2.574898923503326831e+00 2.574898923503326831e+00 3.016224330013649535e+00 3.016224330013649535e+00 3.016224330013649535e+00 3.016224330013649535e+00 3.016224330013649535e+00 3.016224330013649535e+00 3.353999958957400551e+00 3.353999958957400551e+00 3.353999958957400551e+00 3.353999958957400551e+00 3.353999958957400551e+00
-6.686163572731246951e+00 -6.214126068552940474e+00 2.630220785523932570e+00 2.630220785523932570e+00 3.366750033178134593e+00 3.366750033178134593e+00 3.366750033178134593e+00 3.366750033178134593e+00 3.366750033178134593e+00 3.366750033178134593e+00 3.366750033178134593e+00 3.366750033178134593e+00 3.366750033178134593e+00 3.366750033178134593e+00 3.517113604720981446e+00 3.794375207174941700e+00 3.794375207174941700e+00 3.794375207174941700e+00 3.794375207174941700e+00 3.794375207174941700e+00
2.187745384537743032e+00 2.187745384537743032e+00 4.099762760332716027e+00 4.099762760332716027e+00 4.099762760332716027e+00 4.099762760332716027e+00 4.099762760332716027e+00 4.229825273829727728e+00 4.229825273829727728e+00 4.229825273829727728e+00 4.229825273829727728e+00 4.229825273829727728e+00 4.229825273829727728e+00 4.229825273829727728e+00 4.229825273829727728e+00 4.229825273829727728e+00 4.229825273829727728e+00 4.229825273829727728e+00 4.229825273829727728e+00 4.229825273829727728e+00
1.223877838740855539e-01 1.223877838740855539e-01 1.223877838740855539e-01 1.223877838740855539e-01 1.223877838740855539e-01 1.223877838740855539e-01 1.223877838740855539e-01 1.373450514709387837e-01 1.373450514709387837e-01 1.373450514709387837e-01 1.373450514709387837e-01 2.997365536966339894e-01 2.997365536966339894e-01 2.997365536966339894e-01 7.432050541308838909e-01 7.470697037496176751e-01 1.227093471986720807e+00 1.294030690072142331e+00 1.294030690072142331e+00 1.294030690072142331e+00
-2.312653791217260668e+00 -2.312653791217260668e+00 -2.312653791217260668e+00 -4.731796700128967359e-01 -3.678856109607911984e-01 -3.678856109607911984e-01 -3.678856109607911984e-01 -1.971416149034583842e-01 -1.971416149034583842e-01 -1.674917073430253756e-01 -1.674917073430253756e-01 -4.374284079215998156e-02 5.902314108008869242e-01 1.476882213775629671e+00 1.476882213775629671e+00 1.552522846753099595e+00 1.552522846753099595e+00 1.552522846753099595e+00 1.552522846753099595e+00 1.552522846753099595e+00
1.113610805002824167e+00 1.113610805002824167e+00 1.113610805002824167e+00 1.113610805002824167e+00 1.113610805002824167e+00 1.113610805002824167e+00 1.113610805002824167e+00 1.113610805002824167e+00 1.113610805002824167e+00 1.113610805002824167e+00 1.113610805002824167e+00 1.113610805002824167e+00 1.113610805002824167e+00 1.113610805002824167e+00 1.113610805002824167e+00 1.113610805002824167e+00 1.113610805002824167e+00 1.113610805002824167e+00 1.113610805002824167e+00 1.113610805002824167e+00
